100
0	0	0
0	1	1700
0	2	1846
0	3	942
0	4	2709
0	5	1440
0	6	1315
0	7	1751
0	8	1227
0	9	1379
0	10	1954
0	11	543
0	12	744
0	13	1289
0	14	511
0	15	1371
0	16	1957
0	17	877
0	18	1267
0	19	956
0	20	2105
0	21	1759
0	22	2016
0	23	659
0	24	2052
0	25	1051
0	26	462
0	27	2478
0	28	845
0	29	1615
0	30	1137
0	31	807
0	32	1649
0	33	2229
0	34	1739
0	35	1491
0	36	1043
0	37	2487
0	38	2392
0	39	379
0	40	1641
0	41	1195
0	42	2875
0	43	1520
0	44	1647
0	45	577
0	46	1203
0	47	1729
0	48	862
0	49	2217
0	50	1523
0	51	1977
0	52	32
0	53	1545
0	54	1114
0	55	2651
0	56	1513
0	57	2503
0	58	1783
0	59	1059
0	60	948
0	61	2002
0	62	1473
0	63	961
0	64	1024
0	65	1443
0	66	1040
0	67	1691
0	68	1599
0	69	2351
0	70	2455
0	71	2218
0	72	1863
0	73	1562
0	74	1638
0	75	2456
0	76	1238
0	77	1254
0	78	741
0	79	1224
0	80	1724
0	81	1366
0	82	2029
0	83	1859
0	84	216
0	85	2526
0	86	2317
0	87	2508
0	88	1831
0	89	2142
0	90	2316
0	91	1362
0	92	925
0	93	2431
0	94	2401
0	95	2037
0	96	1833
0	97	2407
0	98	1272
0	99	1650
1	0	1700
1	1	0
1	2	1118
1	3	1353
1	4	1157
1	5	552
1	6	2851
1	7	972
1	8	2574
1	9	1824
1	10	2632
1	11	1581
1	12	1022
1	13	1561
1	14	1235
1	15	2437
1	16	1267
1	17	1973
1	18	1871
1	19	1196
1	20	617
1	21	854
1	22	349
1	23	2192
1	24	1349
1	25	2499
1	26	1244
1	27	1146
1	28	2041
1	29	331
1	30	767
1	31	2332
1	32	1803
1	33	1450
1	34	76
1	35	1686
1	36	2233
1	37	1091
1	38	1053
1	39	1478
1	40	714
1	41	1111
1	42	1299
1	43	2433
1	44	1893
1	45	1903
1	46	782
1	47	2418
1	48	1873
1	49	628
1	50	2577
1	51	2659
1	52	1715
1	53	499
1	54	1052
1	55	1196
1	56	1662
1	57	1508
1	58	989
1	59	1108
1	60	2336
1	61	586
1	62	2466
1	63	1171
1	64	708
1	65	2254
1	66	894
1	67	209
1	68	1335
1	69	679
1	70	1019
1	71	778
1	72	1125
1	73	1649
1	74	715
1	75	773
1	76	504
1	77	2639
1	78	1108
1	79	476
1	80	1920
1	81	2751
1	82	630
1	83	2565
1	84	1485
1	85	923
1	86	2739
1	87	1292
1	88	667
1	89	1376
1	90	616
1	91	1874
1	92	1641
1	93	734
1	94	718
1	95	2506
1	96	2025
1	97	1314
1	98	1783
1	99	1762
2	0	1846
2	1	1118
2	2	0
2	3	976
2	4	2130
2	5	1545
2	6	2534
2	7	2043
2	8	2141
2	9	1075
2	10	1770
2	11	1413
2	12	1545
2	13	863
2	14	1626
2	15	1842
2	16	2349
2	17	1569
2	18	1200
2	19	1919
2	20	806
2	21	1938
2	22	1073
2	23	2012
2	24	2439
2	25	2165
2	26	1453
2	27	2234
2	28	1672
2	29	793
2	30	1575
2	31	2107
2	32	886
2	33	2555
2	34	1062
2	35	849
2	36	1784
2	37	2162
2	38	2145
2	39	1478
2	40	414
2	41	1963
2	42	2230
2	43	1745
2	44	992
2	45	1688
2	46	1641
2	47	1605
2	48	1467
2	49	1656
2	50	1941
2	51	1794
2	52	1841
2	53	1545
2	54	1865
2	55	2232
2	56	809
2	57	2626
2	58	130
2	59	790
2	60	1996
2	61	1696
2	62	1819
2	63	1898
2	64	1347
2	65	1555
2	66	1651
2	67	911
2	68	415
2	69	1221
2	70	2082
2	71	1864
2	72	18
2	73	763
2	74	1781
2	75	1327
2	76	960
2	77	2222
2	78	1675
2	79	1149
2	80	983
2	81	2313
2	82	1740
2	83	1729
2	84	1690
2	85	1878
2	86	1748
2	87	2397
2	88	483
2	89	2477
2	90	1383
2	91	1142
2	92	1196
2	93	1500
2	94	1571
2	95	1565
2	96	1056
2	97	2431
2	98	1100
2	99	837
3	0	942
3	1	1353
3	2	976
3	3	0
3	4	2508
3	5	1434
3	6	1607
3	7	1919
3	8	1262
3	9	580
3	10	1363
3	11	445
3	12	995
3	13	384
3	14	934
3	15	1084
3	16	2207
3	17	654
3	18	560
3	19	1407
3	20	1487
3	21	1863
3	22	1552
3	23	1040
3	24	2308
3	25	1237
3	26	689
3	27	2432
3	28	743
3	29	1103
3	30	1264
3	31	1144
3	32	758
3	33	2467
3	34	1350
3	35	593
3	36	905
3	37	2400
3	38	2337
3	39	565
3	40	922
3	41	1563
3	42	2652
3	43	1090
3	44	788
3	45	715
3	46	1351
3	47	1131
3	48	548
3	49	1978
3	50	1225
3	51	1390
3	52	929
3	53	1501
3	54	1454
3	55	2528
3	56	603
3	57	2654
3	58	950
3	59	258
3	60	1066
3	61	1870
3	62	1116
3	63	1395
3	64	1012
3	65	921
3	66	1260
3	67	1231
3	68	665
3	69	1843
3	70	2340
3	71	2088
3	72	993
3	73	642
3	74	1700
3	75	1959
3	76	871
3	77	1336
3	78	1106
3	79	1008
3	80	855
3	81	1441
3	82	1910
3	83	1282
3	84	847
3	85	2275
3	86	1597
3	87	2535
3	88	1135
3	89	2378
3	90	1900
3	91	602
3	92	290
3	93	2028
3	94	2045
3	95	1323
3	96	974
3	97	2497
3	98	497
3	99	747
4	0	2709
4	1	1157
4	2	2130
4	3	2508
4	4	0
4	5	1273
4	6	3953
4	7	1166
4	8	3707
4	9	2974
4	10	3777
4	11	2701
4	12	1967
4	13	2711
4	14	2201
4	15	3591
4	16	1237
4	17	3116
4	18	3027
4	19	1918
4	20	1350
4	21	1078
4	22	1059
4	23	3279
4	24	1236
4	25	3615
4	26	2294
4	27	449
4	28	3178
4	29	1449
4	30	1585
4	31	3426
4	32	2925
4	33	1184
4	34	1170
4	35	2821
4	36	3376
4	37	351
4	38	461
4	39	2565
4	40	1788
4	41	1710
4	42	170
4	43	3590
4	44	3020
4	45	3015
4	46	1534
4	47	3568
4	48	3018
4	49	531
4	50	3734
4	51	3803
4	52	2731
4	53	1166
4	54	1726
4	55	219
4	56	2793
4	57	967
4	58	2014
4	59	2265
4	60	3458
4	61	707
4	62	3623
4	63	1898
4	64	1695
4	65	3411
4	66	1701
4	67	1310
4	68	2436
4	69	974
4	70	316
4	71	499
4	72	2131
4	73	2773
4	74	1127
4	75	910
4	76	1644
4	77	3768
4	78	1997
4	79	1552
4	80	3038
4	81	3883
4	82	683
4	83	3713
4	84	2497
4	85	252
4	86	3849
4	87	629
4	88	1649
4	89	1180
4	90	761
4	91	3026
4	92	2795
4	93	668
4	94	569
4	95	3631
4	96	3135
4	97	799
4	98	2938
4	99	2880
5	0	1440
5	1	552
5	2	1545
5	3	1434
5	4	1273
5	5	0
5	6	2712
5	7	513
5	8	2509
5	9	1989
5	10	2793
5	11	1504
5	12	696
5	13	1741
5	14	930
5	15	2464
5	16	820
5	17	1951
5	18	1993
5	19	704
5	20	1169
5	21	434
5	22	880
5	23	2034
5	24	916
5	25	2391
5	26	1047
5	27	1055
5	28	1994
5	29	784
5	30	314
5	31	2185
5	32	2054
5	33	1057
5	34	628
5	35	1910
5	36	2205
5	37	1052
5	38	965
5	39	1336
5	40	1133
5	41	572
5	42	1441
5	43	2510
5	44	2126
5	45	1797
5	46	280
5	47	2563
5	48	1865
5	49	810
5	50	2617
5	51	2820
5	52	1463
5	53	109
5	54	532
5	55	1212
5	56	1897
5	57	1220
5	58	1417
5	59	1244
5	60	2244
5	61	566
5	62	2519
5	63	681
5	64	455
5	65	2350
5	66	437
5	67	720
5	68	1651
5	69	1179
5	70	1016
5	71	778
5	72	1556
5	73	1902
5	74	268
5	75	1250
5	76	632
5	77	2562
5	78	725
5	79	446
5	80	2170
5	81	2678
5	82	590
5	83	2714
5	84	1230
5	85	1108
5	86	2980
5	87	1121
5	88	1160
5	89	971
5	90	1041
5	91	2024
5	92	1689
5	93	1125
5	94	1056
5	95	2721
5	96	2286
5	97	1066
5	98	1922
5	99	2021
6	0	1315
6	1	2851
6	2	2534
6	3	1607
6	4	3953
6	5	2712
6	6	0
6	7	3063
6	8	439
6	9	1546
6	10	1495
6	11	1273
6	12	2032
6	13	1684
6	14	1809
6	15	860
6	16	3272
6	17	966
6	18	1391
6	19	2269
6	20	3089
6	21	3063
6	22	3112
6	23	678
6	24	3366
6	25	371
6	26	1666
6	27	3765
6	28	867
6	29	2666
6	30	2426
6	31	528
6	32	1856
6	33	3543
6	34	2870
6	35	1779
6	36	760
6	37	3764
6	38	3676
6	39	1388
6	40	2529
6	41	2509
6	42	4113
6	43	1074
6	44	1781
6	45	949
6	46	2500
6	47	1387
6	48	1071
6	49	3436
6	50	893
6	51	1503
6	52	1286
6	53	2811
6	54	2429
6	55	3920
6	56	1820
6	57	3818
6	58	2535
6	59	1857
6	60	542
6	61	3256
6	62	965
6	63	2275
6	64	2265
6	65	1183
6	66	2342
6	67	2778
6	68	2143
6	69	3424
6	70	3723
6	71	3477
6	72	2549
6	73	1882
6	74	2933
6	75	3539
6	76	2349
6	77	360
6	78	2049
6	79	2407
6	80	1849
6	81	341
6	82	3288
6	83	1422
6	84	1500
6	85	3747
6	86	1951
6	87	3810
6	88	2742
6	89	3457
6	90	3448
6	91	1483
6	92	1344
6	93	3574
6	94	3569
6	95	1745
6	96	1896
6	97	3716
6	98	1478
6	99	1891
7	0	1751
7	1	972
7	2	2043
7	3	1919
7	4	1166
7	5	513
7	6	3063
7	7	0
7	8	2910
7	9	2486
7	10	3282
7	11	1929
7	12	1045
7	13	2243
7	14	1256
7	15	2910
7	16	308
7	17	2386
7	18	2479
7	19	829
7	20	1566
7	21	128
7	22	1230
7	23	2391
7	24	403
7	25	2769
7	26	1436
7	27	798
7	28	2416
7	29	1261
7	30	672
7	31	2543
7	32	2564
7	33	550
7	34	1046
7	35	2417
7	36	2631
7	37	847
7	38	734
7	39	1736
7	40	1629
7	41	591
7	42	1332
7	43	2974
7	44	2633
7	45	2194
7	46	587
7	47	3049
7	48	2309
7	49	889
7	50	3066
7	51	3309
7	52	1779
7	53	498
7	54	646
7	55	1024
7	56	2405
7	57	762
7	58	1914
7	59	1745
7	60	2636
7	61	610
7	62	2975
7	63	816
7	64	909
7	65	2824
7	66	727
7	67	1171
7	68	2164
7	69	1458
7	70	854
7	71	708
7	72	2053
7	73	2412
7	74	263
7	75	1495
7	76	1145
7	77	2955
7	78	1014
7	79	957
7	80	2679
7	81	3070
7	82	595
7	83	3200
7	84	1563
7	85	1099
7	86	3485
7	87	774
7	88	1629
7	89	461
7	90	1260
7	91	2517
7	92	2158
7	93	1300
7	94	1195
7	95	3223
7	96	2796
7	97	656
7	98	2413
7	99	2532
8	0	1227
8	1	2574
8	2	2141
8	3	1262
8	4	3707
8	5	2509
8	6	439
8	7	2910
8	8	0
8	9	1120
8	10	1090
8	11	1009
8	12	1865
8	13	1281
8	14	1664
8	15	427
8	16	3147
8	17	609
8	18	969
8	19	2166
8	20	2747
8	21	2893
8	22	2806
8	23	586
8	24	3246
8	25	221
8	26	1475
8	27	3562
8	28	532
8	29	2356
8	30	2248
8	31	465
8	32	1425
8	33	3421
8	34	2583
8	35	1357
8	36	361
8	37	3549
8	38	3470
8	39	1177
8	40	2177
8	41	2395
8	42	3861
8	43	645
8	44	1346
8	45	716
8	46	2328
8	47	960
8	48	715
8	49	3181
8	50	487
8	51	1101
8	52	1195
8	53	2601
8	54	2303
8	55	3696
8	56	1399
8	57	3672
8	58	2154
8	59	1519
8	60	280
8	61	3027
8	62	538
8	63	2167
8	64	2054
8	65	745
8	66	2183
8	67	2477
8	68	1739
8	69	3103
8	70	3500
8	71	3250
8	72	2156
8	73	1460
8	74	2749
8	75	3220
8	76	2071
8	77	83
8	78	1909
8	79	2157
8	80	1413
8	81	179
8	82	3062
8	83	1010
8	84	1369
8	85	3488
8	86	1544
8	87	3627
8	88	2390
8	89	3332
8	90	3150
8	91	1055
8	92	980
8	93	3278
8	94	3285
8	95	1322
8	96	1458
8	97	3551
8	98	1060
8	99	1461
9	0	1379
9	1	1824
9	2	1075
9	3	580
9	4	2974
9	5	1989
9	6	1546
9	7	2486
9	8	1120
9	9	0
9	10	811
9	11	838
9	12	1572
9	13	263
9	14	1492
9	15	774
9	16	2778
9	17	663
9	18	158
9	19	1982
9	20	1797
9	21	2422
9	22	1953
9	23	1190
9	24	2879
9	25	1199
9	26	1242
9	27	2948
9	28	767
9	29	1527
9	30	1839
9	31	1228
9	32	322
9	33	3035
9	34	1805
9	35	239
9	36	791
9	37	2906
9	38	2854
9	39	1041
9	40	1233
9	41	2142
9	42	3105
9	43	671
9	44	279
9	45	925
9	46	1926
9	47	594
9	48	597
9	49	2450
9	50	866
9	51	838
9	52	1357
9	53	2047
9	54	2033
9	55	3020
9	56	281
9	57	3207
9	58	1121
9	59	748
9	60	1048
9	61	2380
9	62	743
9	63	1970
9	64	1584
9	65	481
9	66	1840
9	67	1665
9	68	660
9	69	2196
9	70	2839
9	71	2591
9	72	1088
9	73	341
9	74	2257
9	75	2310
9	76	1389
9	77	1203
9	78	1680
9	79	1550
9	80	358
9	81	1279
9	82	2422
9	83	741
9	84	1347
9	85	2730
9	86	1018
9	87	3066
9	88	1428
9	89	2946
9	90	2301
9	91	68
9	92	455
9	93	2428
9	94	2467
9	95	744
9	96	457
9	97	3042
9	98	108
9	99	350
10	0	1954
10	1	2632
10	2	1770
10	3	1363
10	4	3777
10	5	2793
10	6	1495
10	7	3282
10	8	1090
10	9	811
10	10	0
10	11	1473
10	12	2322
10	13	1072
10	14	2201
10	15	684
10	16	3568
10	17	1078
10	18	803
10	19	2715
10	20	2551
10	21	3224
10	22	2741
10	23	1505
10	24	3670
10	25	1284
10	26	1955
10	27	3760
10	28	1129
10	29	2328
10	30	2624
10	31	1457
10	32	885
10	33	3830
10	34	2609
10	35	960
10	36	980
10	37	3716
10	38	3665
10	39	1697
10	40	2010
10	41	2899
10	42	3903
10	43	471
10	44	780
10	45	1389
10	46	2711
10	47	236
10	48	1096
10	49	3255
10	50	605
10	51	27
10	52	1925
10	53	2855
10	54	2792
10	55	3828
10	56	992
10	57	4013
10	58	1847
10	59	1557
10	60	1219
10	61	3191
10	62	563
10	63	2707
10	64	2374
10	65	511
10	66	2610
10	67	2467
10	68	1379
10	69	2960
10	70	3649
10	71	3401
10	72	1778
10	73	1022
10	74	3060
10	75	3073
10	76	2199
10	77	1152
10	78	2416
10	79	2358
10	80	788
10	81	1155
10	82	3234
10	83	95
10	84	1992
10	85	3530
10	86	456
10	87	3877
10	88	2188
10	89	3740
10	90	3084
10	91	770
10	92	1144
10	93	3210
10	94	3257
10	95	297
10	96	735
10	97	3851
10	98	871
10	99	934
11	0	543
11	1	1581
11	2	1413
11	3	445
11	4	2701
11	5	1504
11	6	1273
11	7	1929
11	8	1009
11	9	838
11	10	1473
11	11	0
11	12	897
11	13	753
11	14	738
11	15	987
11	16	2187
11	17	458
11	18	735
11	19	1259
11	20	1840
11	21	1901
11	22	1840
11	23	637
11	24	2287
11	25	919
11	26	505
11	27	2554
11	28	490
11	29	1397
11	30	1259
11	31	764
11	32	1107
11	33	2458
11	34	1598
11	35	952
11	36	703
11	37	2540
11	38	2462
11	39	224
11	40	1303
11	41	1464
11	42	2856
11	43	1083
11	44	1104
11	45	325
11	46	1342
11	47	1240
11	48	393
11	49	2177
11	50	1144
11	51	1498
11	52	522
11	53	1593
11	54	1361
11	55	2686
11	56	975
11	57	2689
11	58	1377
11	59	640
11	60	757
11	61	2018
11	62	1064
11	63	1254
11	64	1049
11	65	968
11	66	1210
11	67	1506
11	68	1108
11	69	2157
11	70	2491
11	71	2241
11	72	1431
11	73	1027
11	74	1751
11	75	2270
11	76	1077
11	77	1068
11	78	969
11	79	1150
11	80	1181
11	81	1183
11	82	2053
11	83	1381
11	84	523
11	85	2486
11	86	1803
11	87	2625
11	88	1512
11	89	2368
11	90	2176
11	91	825
11	92	383
11	93	2301
11	94	2298
11	95	1521
11	96	1291
11	97	2557
11	98	731
11	99	1111
12	0	744
12	1	1022
12	2	1545
12	3	995
12	4	1967
12	5	696
12	6	2032
12	7	1045
12	8	1865
12	9	1572
12	10	2322
12	11	897
12	12	0
12	13	1369
12	14	234
12	15	1884
12	16	1291
12	17	1355
12	18	1528
12	19	416
12	20	1533
12	21	1034
12	22	1364
12	23	1356
12	24	1391
12	25	1727
12	26	395
12	27	1738
12	28	1377
12	29	1036
12	30	395
12	31	1507
12	32	1734
12	33	1563
12	34	1076
12	35	1571
12	36	1593
12	37	1744
12	38	1651
12	39	694
12	40	1211
12	41	577
12	42	2134
12	43	1969
12	44	1777
12	45	1150
12	46	468
12	47	2086
12	48	1286
12	49	1483
12	50	2041
12	51	2348
12	52	768
12	53	802
12	54	470
12	55	1907
12	56	1573
12	57	1807
12	58	1442
12	59	916
12	60	1591
12	61	1259
12	62	1958
12	63	401
12	64	314
12	65	1836
12	66	318
12	67	1070
12	68	1467
12	69	1699
12	70	1710
12	71	1474
12	72	1561
12	73	1599
12	74	901
12	75	1795
12	76	663
12	77	1910
12	78	130
12	79	562
12	80	1840
12	81	2026
12	82	1285
12	83	2234
12	84	537
12	85	1790
12	86	2590
12	87	1778
12	88	1348
12	89	1474
12	90	1627
12	91	1588
12	92	1178
12	93	1733
12	94	1689
12	95	2313
12	96	1960
12	97	1690
12	98	1482
12	99	1714
13	0	1289
13	1	1561
13	2	863
13	3	384
13	4	2711
13	5	1741
13	6	1684
13	7	2243
13	8	1281
13	9	263
13	10	1072
13	11	753
13	12	1369
13	13	0
13	14	1317
13	15	985
13	16	2539
13	17	736
13	18	345
13	19	1784
13	20	1547
13	21	2175
13	22	1692
13	23	1233
13	24	2640
13	25	1321
13	26	1073
13	27	2688
13	28	843
13	29	1264
13	30	1608
13	31	1301
13	32	374
13	33	2792
13	34	1541
13	35	210
13	36	927
13	37	2644
13	38	2593
13	39	922
13	40	978
13	41	1929
13	42	2842
13	43	914
13	44	408
13	45	930
13	46	1694
13	47	857
13	48	643
13	49	2187
13	50	1096
13	51	1099
13	52	1271
13	53	1795
13	54	1819
13	55	2757
13	56	225
13	57	2956
13	58	891
13	59	498
13	60	1157
13	61	2119
13	62	974
13	63	1770
13	64	1350
13	65	725
13	66	1619
13	67	1402
13	68	459
13	69	1941
13	70	2576
13	71	2329
13	72	878
13	73	274
13	74	2009
13	75	2056
13	76	1132
13	77	1362
13	78	1484
13	79	1299
13	80	472
13	81	1451
13	82	2162
13	83	1004
13	84	1218
13	85	2467
13	86	1244
13	87	2808
13	88	1178
13	89	2704
13	90	2041
13	91	317
13	92	404
13	93	2168
13	94	2205
13	95	980
13	96	592
13	97	2788
13	98	245
13	99	367
14	0	511
14	1	1235
14	2	1626
14	3	934
14	4	2201
14	5	930
14	6	1809
14	7	1256
14	8	1664
14	9	1492
14	10	2201
14	11	738
14	12	234
14	13	1317
14	14	0
14	15	1718
14	16	1484
14	17	1188
14	18	1426
14	19	521
14	20	1710
14	21	1255
14	22	1569
14	23	1136
14	24	1582
14	25	1515
14	26	250
14	27	1968
14	28	1197
14	29	1211
14	30	626
14	31	1287
14	32	1691
14	33	1757
14	34	1283
14	35	1526
14	36	1412
14	37	1976
14	38	1882
14	39	519
14	40	1332
14	41	736
14	42	2368
14	43	1821
14	44	1720
14	45	954
14	46	694
14	47	1966
14	48	1131
14	49	1716
14	50	1875
14	51	2227
14	52	536
14	53	1036
14	54	640
14	55	2140
14	56	1534
14	57	2015
14	58	1535
14	59	917
14	60	1387
14	61	1494
14	62	1800
14	63	517
14	64	532
14	65	1702
14	66	533
14	67	1261
14	68	1488
14	69	1906
14	70	1944
14	71	1708
14	72	1643
14	73	1568
14	74	1129
14	75	2005
14	76	827
14	77	1704
14	78	245
14	79	762
14	80	1788
14	81	1820
14	82	1520
14	83	2111
14	84	309
14	85	2023
14	86	2500
14	87	2002
14	88	1491
14	89	1668
14	90	1846
14	91	1498
14	92	1065
14	93	1956
14	94	1915
14	95	2220
14	96	1907
14	97	1907
14	98	1394
14	99	1677
15	0	1371
15	1	2437
15	2	1842
15	3	1084
15	4	3591
15	5	2464
15	6	860
15	7	2910
15	8	427
15	9	774
15	10	684
15	11	987
15	12	1884
15	13	985
15	14	1718
15	15	0
15	16	3173
15	17	530
15	18	643
15	19	2238
15	20	2520
15	21	2875
15	22	2626
15	23	839
15	24	3274
15	25	603
15	26	1492
15	27	3496
15	28	530
15	29	2180
15	30	2239
15	31	776
15	32	1050
15	33	3444
15	34	2434
15	35	1012
15	36	331
15	37	3470
15	38	3401
15	39	1200
15	40	1946
15	41	2449
15	42	3736
15	43	221
15	44	960
15	45	796
15	46	2324
15	47	534
15	48	602
15	49	3061
15	50	157
15	51	699
15	52	1340
15	53	2545
15	54	2348
15	55	3604
15	56	1054
15	57	3667
15	58	1876
15	59	1335
15	60	537
15	61	2940
15	62	121
15	63	2235
15	64	2014
15	65	332
15	66	2196
15	67	2311
15	68	1429
15	69	2900
15	70	3413
15	71	3161
15	72	1856
15	73	1112
15	74	2720
15	75	3017
15	76	1949
15	77	501
15	78	1954
15	79	2068
15	80	1021
15	81	542
15	82	2979
15	83	597
15	84	1458
15	85	3359
15	86	1131
15	87	3583
15	88	2152
15	89	3354
15	90	2976
15	91	706
15	92	797
15	93	3104
15	94	3127
15	95	898
15	96	1052
15	97	3528
15	98	743
15	99	1091
16	0	1957
16	1	1267
16	2	2349
16	3	2207
16	4	1237
16	5	820
16	6	3272
16	7	308
16	8	3147
16	9	2778
16	10	3568
16	11	2187
16	12	1291
16	13	2539
16	14	1484
16	15	3173
16	16	0
16	17	2645
16	18	2765
16	19	1004
16	20	1846
16	21	414
16	22	1501
16	23	2610
16	24	102
16	25	2996
16	26	1686
16	27	808
16	28	2668
16	29	1565
16	30	945
16	31	2761
16	32	2865
16	33	273
16	34	1338
16	35	2717
16	36	2884
16	37	889
16	38	776
16	39	1984
16	40	1935
16	41	763
16	42	1389
16	43	3247
16	44	2933
16	45	2435
16	46	859
16	47	3335
16	48	2573
16	49	1083
16	50	3330
16	51	3595
16	52	1987
16	53	804
16	54	846
16	55	1056
16	56	2706
16	57	565
16	58	2220
16	59	2042
16	60	2870
16	61	829
16	62	3243
16	63	997
16	64	1195
16	65	3102
16	66	977
16	67	1470
16	68	2470
16	69	1698
16	70	925
16	71	857
16	72	2359
16	73	2714
16	74	569
16	75	1721
16	76	1451
16	77	3188
16	78	1239
16	79	1262
16	80	2981
16	81	3303
16	82	802
16	83	3485
16	84	1784
16	85	1231
16	86	3782
16	87	707
16	88	1929
16	89	185
16	90	1485
16	91	2807
16	92	2436
16	93	1504
16	94	1390
16	95	3518
16	96	3098
16	97	541
16	98	2703
16	99	2834
17	0	877
17	1	1973
17	2	1569
17	3	654
17	4	3116
17	5	1951
17	6	966
17	7	2386
17	8	609
17	9	663
17	10	1078
17	11	458
17	12	1355
17	13	736
17	14	1188
17	15	530
17	16	2645
17	17	0
17	18	510
17	19	1709
17	20	2141
17	21	2355
17	22	2198
17	23	528
17	24	2746
17	25	596
17	26	962
17	27	2994
17	28	107
17	29	1747
17	30	1715
17	31	570
17	32	984
17	33	2917
17	34	1979
17	35	869
17	36	260
17	37	2974
17	38	2900
17	39	670
17	40	1573
17	41	1919
17	42	3266
17	43	647
17	44	937
17	45	313
17	46	1799
17	47	858
17	48	107
17	49	2587
17	50	687
17	51	1101
17	52	847
17	53	2036
17	54	1818
17	55	3115
17	56	906
17	57	3145
17	58	1569
17	59	911
17	60	427
17	61	2447
17	62	613
17	63	1706
17	64	1498
17	65	570
17	66	1668
17	67	1870
17	68	1187
17	69	2495
17	70	2921
17	71	2669
17	72	1585
17	73	968
17	74	2203
17	75	2611
17	76	1473
17	77	681
17	78	1424
17	79	1573
17	80	1015
17	81	788
17	82	2484
17	83	984
17	84	937
17	85	2892
17	86	1462
17	87	3072
17	88	1786
17	89	2826
17	90	2543
17	91	616
17	92	379
17	93	2671
17	94	2680
17	95	1187
17	96	1099
17	97	3010
17	98	569
17	99	1007
18	0	1267
18	1	1871
18	2	1200
18	3	560
18	4	3027
18	5	1993
18	6	1391
18	7	2479
18	8	969
18	9	158
18	10	803
18	11	735
18	12	1528
18	13	345
18	14	1426
18	15	643
18	16	2765
18	17	510
18	18	0
18	19	1930
18	20	1891
18	21	2423
18	22	2024
18	23	1038
18	24	2866
18	25	1042
18	26	1176
18	27	2978
18	28	612
18	29	1588
18	30	1821
18	31	1072
18	32	479
18	33	3027
18	34	1858
18	35	389
18	36	634
18	37	2941
18	38	2883
18	39	949
18	40	1320
18	41	2104
18	42	3163
18	43	573
18	44	427
18	45	785
18	46	1908
18	47	571
18	48	451
18	49	2499
18	50	750
18	51	830
18	52	1243
18	53	2058
18	54	1995
18	55	3062
18	56	430
18	57	3213
18	58	1234
18	59	770
18	60	890
18	61	2412
18	62	629
18	63	1920
18	64	1571
18	65	386
18	66	1810
18	67	1724
18	68	787
18	69	2282
18	70	2877
18	71	2627
18	72	1213
18	73	492
18	74	2259
18	75	2397
18	76	1413
18	77	1051
18	78	1628
18	79	1563
18	80	506
18	81	1131
18	82	2453
18	83	721
18	84	1255
18	85	2787
18	86	1076
18	87	3087
18	88	1522
18	89	2937
18	90	2374
18	91	106
18	92	362
18	93	2502
18	94	2534
18	95	794
18	96	594
18	97	3054
18	98	100
18	99	507
19	0	956
19	1	1196
19	2	1919
19	3	1407
19	4	1918
19	5	704
19	6	2269
19	7	829
19	8	2166
19	9	1982
19	10	2715
19	11	1259
19	12	416
19	13	1784
19	14	521
19	15	2238
19	16	1004
19	17	1709
19	18	1930
19	19	0
19	20	1780
19	21	868
19	22	1544
19	23	1613
19	24	1097
19	25	2003
19	26	761
19	27	1608
19	28	1715
19	29	1310
19	30	428
19	31	1762
19	32	2150
19	33	1275
19	34	1264
19	35	1987
19	36	1930
19	37	1640
19	38	1533
19	39	1040
19	40	1554
19	41	243
19	42	2088
19	43	2342
19	44	2192
19	45	1466
19	46	427
19	47	2480
19	48	1653
19	49	1502
19	50	2395
19	51	2742
19	52	987
19	53	808
19	54	192
19	55	1814
19	56	1989
19	57	1559
19	58	1807
19	59	1330
19	60	1886
19	61	1235
19	62	2321
19	63	25
19	64	581
19	65	2220
19	66	305
19	67	1304
19	68	1873
19	69	1863
19	70	1627
19	71	1421
19	72	1934
19	73	2015
19	74	791
19	75	1943
19	76	980
19	77	2200
19	78	302
19	79	822
19	80	2255
19	81	2314
19	82	1248
19	83	2626
19	84	797
19	85	1786
19	86	2998
19	87	1602
19	88	1660
19	89	1189
19	90	1742
19	91	1994
19	92	1573
19	93	1829
19	94	1760
19	95	2719
19	96	2375
19	97	1481
19	98	1889
19	99	2130
20	0	2105
20	1	617
20	2	806
20	3	1487
20	4	1350
20	5	1169
20	6	3089
20	7	1566
20	8	2747
20	9	1797
20	10	2551
20	11	1840
20	12	1533
20	13	1547
20	14	1710
20	15	2520
20	16	1846
20	17	2141
20	18	1891
20	19	1780
20	20	0
20	21	1442
20	22	354
20	23	2477
20	24	1918
20	25	2721
20	26	1646
20	27	1526
20	28	2230
20	29	500
20	30	1357
20	31	2601
20	32	1668
20	33	1995
20	34	541
20	35	1599
20	36	2388
20	37	1439
20	38	1446
20	39	1806
20	40	574
20	41	1720
20	42	1436
20	43	2461
20	44	1771
20	45	2159
20	46	1384
20	47	2367
20	48	2034
20	49	930
20	50	2640
20	51	2576
20	52	2113
20	53	1115
20	54	1652
20	55	1478
20	56	1563
20	57	1988
20	58	708
20	59	1233
20	60	2550
20	61	1060
20	62	2519
20	63	1755
20	64	1234
20	65	2272
20	66	1475
20	67	475
20	68	1172
20	69	415
20	70	1354
20	71	1172
20	72	803
20	73	1529
20	74	1319
20	75	523
20	76	884
20	77	2822
20	78	1640
20	79	977
20	80	1773
20	81	2926
20	82	1099
20	83	2501
20	84	1902
20	85	1102
20	86	2554
20	87	1710
20	88	369
20	89	1931
20	90	590
20	91	1859
20	92	1768
20	93	699
20	94	782
20	95	2363
20	96	1855
20	97	1782
20	98	1792
20	99	1620
21	0	1759
21	1	854
21	2	1938
21	3	1863
21	4	1078
21	5	434
21	6	3063
21	7	128
21	8	2893
21	9	2422
21	10	3224
21	11	1901
21	12	1034
21	13	2175
21	14	1255
21	15	2875
21	16	414
21	17	2355
21	18	2423
21	19	868
21	20	1442
21	21	0
21	22	1104
21	23	2388
21	24	501
21	25	2760
21	26	1418
21	27	741
21	28	2390
21	29	1151
21	30	645
21	31	2540
21	32	2487
21	33	627
21	34	926
21	35	2344
21	36	2604
21	37	776
21	38	667
21	39	1716
21	40	1524
21	41	642
21	42	1246
21	43	2930
21	44	2559
21	45	2177
21	46	566
21	47	2993
21	48	2274
21	49	768
21	50	3030
21	51	3251
21	52	1786
21	53	398
21	54	678
21	55	952
21	56	2330
21	57	794
21	58	1808
21	59	1677
21	60	2622
21	61	487
21	62	2936
21	63	852
21	64	862
21	65	2775
21	66	721
21	67	1056
21	68	2075
21	69	1330
21	70	772
21	71	603
21	72	1948
21	73	2334
21	74	167
21	75	1368
21	76	1062
21	77	2941
21	78	1018
21	79	880
21	80	2603
21	81	3057
21	82	476
21	83	3144
21	84	1563
21	85	992
21	86	3414
21	87	749
21	88	1516
21	89	544
21	90	1134
21	91	2456
21	92	2111
21	93	1176
21	94	1073
21	95	3155
21	96	2719
21	97	658
21	98	2354
21	99	2453
22	0	2016
22	1	349
22	2	1073
22	3	1552
22	4	1059
22	5	880
22	6	3112
22	7	1230
22	8	2806
22	9	1953
22	10	2741
22	11	1840
22	12	1364
22	13	1692
22	14	1569
22	15	2626
22	16	1501
22	17	2198
22	18	2024
22	19	1544
22	20	354
22	21	1104
22	22	0
22	23	2468
22	24	1570
22	25	2751
22	26	1555
22	27	1184
22	28	2276
22	29	450
22	30	1116
22	31	2603
22	32	1875
22	33	1642
22	34	288
22	35	1781
22	36	2454
22	37	1103
22	38	1102
22	39	1764
22	40	735
22	41	1449
22	42	1169
22	43	2596
22	44	1973
22	45	2165
22	46	1126
22	47	2541
22	48	2093
22	49	592
22	50	2758
22	51	2767
22	52	2029
22	53	808
22	54	1395
22	55	1160
22	56	1751
22	57	1635
22	58	955
22	59	1296
22	60	2584
22	61	706
22	62	2642
22	63	1519
22	64	1051
22	65	2411
22	66	1243
22	67	335
22	68	1382
22	69	337
22	70	1020
22	71	824
22	72	1074
22	73	1726
22	74	993
22	75	441
22	76	783
22	77	2875
22	78	1454
22	79	807
22	80	1987
22	81	2985
22	82	745
22	83	2683
22	84	1804
22	85	808
22	86	2792
22	87	1364
22	88	590
22	89	1580
22	90	350
22	91	2009
22	92	1842
22	93	479
22	94	516
22	95	2581
22	96	2081
22	97	1430
22	98	1930
22	99	1829
23	0	659
23	1	2192
23	2	2012
23	3	1040
23	4	3279
23	5	2034
23	6	678
23	7	2391
23	8	586
23	9	1190
23	10	1505
23	11	637
23	12	1356
23	13	1233
23	14	1136
23	15	839
23	16	2610
23	17	528
23	18	1038
23	19	1613
23	20	2477
23	21	2388
23	22	2468
23	23	0
23	24	2706
23	25	394
23	26	989
23	27	3088
23	28	429
23	29	2029
23	30	1750
23	31	152
23	32	1509
23	33	2883
23	34	2215
23	35	1387
23	36	525
23	37	3087
23	38	2999
23	39	717
23	40	1937
23	41	1850
23	42	3440
23	43	1035
23	44	1465
23	45	326
23	46	1824
23	47	1312
23	48	598
23	49	2765
23	50	970
23	51	1524
23	52	627
23	53	2134
23	54	1764
23	55	3243
23	56	1422
23	57	3150
23	58	1990
23	59	1267
23	60	322
23	61	2580
23	62	957
23	63	1617
23	64	1589
23	65	1031
23	66	1668
23	67	2133
23	68	1662
23	69	2788
23	70	3046
23	71	2801
23	72	2029
23	73	1483
23	74	2256
23	75	2901
23	76	1693
23	77	602
23	78	1378
23	79	1738
23	80	1543
23	81	710
23	82	2611
23	83	1413
23	84	829
23	85	3076
23	86	1928
23	87	3134
23	88	2147
23	89	2795
23	90	2797
23	91	1144
23	92	836
23	93	2920
23	94	2909
23	95	1666
23	96	1626
23	97	3043
23	98	1093
23	99	1530
24	0	2052
24	1	1349
24	2	2439
24	3	2308
24	4	1236
24	5	916
24	6	3366
24	7	403
24	8	3246
24	9	2879
24	10	3670
24	11	2287
24	12	1391
24	13	2640
24	14	1582
24	15	3274
24	16	102
24	17	2746
24	18	2866
24	19	1097
24	20	1918
24	21	501
24	22	1570
24	23	2706
24	24	0
24	25	3093
24	26	1786
24	27	796
24	28	2768
24	29	1652
24	30	1047
24	31	2856
24	32	2965
24	33	177
24	34	1419
24	35	2817
24	36	2984
24	37	886
24	38	777
24	39	2084
24	40	2025
24	41	857
24	42	1383
24	43	3349
24	44	3033
24	45	2534
24	46	960
24	47	3436
24	48	2674
24	49	1126
24	50	3430
24	51	3697
24	52	2082
24	53	896
24	54	943
24	55	1045
24	56	2806
24	57	489
24	58	2309
24	59	2142
24	60	2968
24	61	885
24	62	3344
24	63	1091
24	64	1296
24	65	3204
24	66	1078
24	67	1553
24	68	2567
24	69	1754
24	70	930
24	71	889
24	72	2448
24	73	2813
24	74	661
24	75	1771
24	76	1548
24	77	3285
24	78	1337
24	79	1360
24	80	3080
24	81	3400
24	82	855
24	83	3587
24	84	1881
24	85	1251
24	86	3883
24	87	673
24	88	2014
24	89	96
24	90	1536
24	91	2908
24	92	2538
24	93	1547
24	94	1430
24	95	3619
24	96	3197
24	97	498
24	98	2804
24	99	2933
25	0	1051
25	1	2499
25	2	2165
25	3	1237
25	4	3615
25	5	2391
25	6	371
25	7	2769
25	8	221
25	9	1199
25	10	1284
25	11	919
25	12	1727
25	13	1321
25	14	1515
25	15	603
25	16	2996
25	17	596
25	18	1042
25	19	2003
25	20	2721
25	21	2760
25	22	2751
25	23	394
25	24	3093
25	25	0
25	26	1346
25	27	3446
25	28	496
25	29	2304
25	30	2117
25	31	256
25	32	1516
25	33	3269
25	34	2515
25	35	1428
25	36	409
25	37	3440
25	38	3356
25	39	1056
25	40	2159
25	41	2238
25	42	3772
25	43	823
25	44	1448
25	45	600
25	46	2195
25	47	1133
25	48	701
25	49	3093
25	50	691
25	51	1297
25	52	1020
25	53	2487
25	54	2150
25	55	3591
25	56	1468
25	57	3530
25	58	2165
25	59	1488
25	60	171
25	61	2924
25	62	722
25	63	2006
25	64	1939
25	65	889
25	66	2043
25	67	2419
25	68	1778
25	69	3060
25	70	3395
25	71	3147
25	72	2181
25	73	1530
25	74	2622
25	75	3175
25	76	1996
25	77	212
25	78	1759
25	79	2064
25	80	1520
25	81	316
25	82	2958
25	83	1199
25	84	1212
25	85	3403
25	86	1733
25	87	3501
25	88	2372
25	89	3181
25	90	3091
25	91	1139
25	92	974
25	93	3217
25	94	3216
25	95	1498
25	96	1579
25	97	3417
25	98	1124
25	99	1548
26	0	462
26	1	1244
26	2	1453
26	3	689
26	4	2294
26	5	1047
26	6	1666
26	7	1436
26	8	1475
26	9	1242
26	10	1955
26	11	505
26	12	395
26	13	1073
26	14	250
26	15	1492
26	16	1686
26	17	962
26	18	1176
26	19	761
26	20	1646
26	21	1418
26	22	1555
26	23	989
26	24	1786
26	25	1346
26	26	0
26	27	2101
26	28	982
26	29	1153
26	30	773
26	31	1138
26	32	1447
26	33	1958
26	34	1281
26	35	1282
26	36	1198
26	37	2098
26	38	2012
26	39	300
26	40	1204
26	41	959
26	42	2456
26	43	1584
26	44	1473
26	45	759
26	46	853
26	47	1719
26	48	897
26	49	1786
26	50	1649
26	51	1981
26	52	474
26	53	1145
26	54	857
26	55	2254
26	56	1292
26	57	2199
26	58	1375
26	59	703
26	60	1204
26	61	1592
26	62	1568
26	63	754
26	64	600
26	65	1459
26	66	711
26	67	1229
26	68	1274
26	69	1889
26	70	2058
26	71	1813
26	72	1471
26	73	1328
26	74	1277
26	75	1996
26	76	776
26	77	1523
26	78	466
26	79	772
26	80	1543
26	81	1639
26	82	1623
26	83	1865
26	84	257
26	85	2098
26	86	2250
26	87	2156
26	88	1384
26	89	1868
26	90	1860
26	91	1247
26	92	816
26	93	1978
26	94	1953
26	95	1969
26	96	1661
26	97	2076
26	98	1144
26	99	1435
27	0	2478
27	1	1146
27	2	2234
27	3	2432
27	4	449
27	5	1055
27	6	3765
27	7	798
27	8	3562
27	9	2948
27	10	3760
27	11	2554
27	12	1738
27	13	2688
27	14	1968
27	15	3496
27	16	808
27	17	2994
27	18	2978
27	19	1608
27	20	1526
27	21	741
27	22	1184
27	23	3088
27	24	796
27	25	3446
27	26	2101
27	27	0
27	28	3042
27	29	1474
27	30	1342
27	31	3238
27	32	2948
27	33	735
27	34	1186
27	35	2825
27	36	3250
27	37	109
27	38	95
27	39	2391
27	40	1848
27	41	1380
27	42	587
27	43	3522
27	44	3035
27	45	2851
27	46	1275
27	47	3539
27	48	2903
27	49	596
27	50	3645
27	51	3787
27	52	2503
27	53	961
27	54	1418
27	55	249
27	56	2803
27	57	538
27	58	2108
27	59	2209
27	60	3299
27	61	569
27	62	3542
27	63	1592
27	64	1509
27	65	3352
27	66	1440
27	67	1339
27	68	2481
27	69	1223
27	70	189
27	71	371
27	72	2238
27	73	2793
27	74	841
27	75	1195
27	76	1565
27	77	3616
27	78	1741
27	79	1428
27	80	3064
27	81	3732
27	82	526
27	83	3688
27	84	2274
27	85	538
27	86	3884
27	87	203
27	88	1755
27	89	734
27	90	987
27	91	2993
27	92	2706
27	93	942
27	94	820
27	95	3647
27	96	3170
27	97	354
27	98	2897
27	99	2907
28	0	845
28	1	2041
28	2	1672
28	3	743
28	4	3178
28	5	1994
28	6	867
28	7	2416
28	8	532
28	9	767
28	10	1129
28	11	490
28	12	1377
28	13	843
28	14	1197
28	15	530
28	16	2668
28	17	107
28	18	612
28	19	1715
28	20	2230
28	21	2390
28	22	2276
28	23	429
28	24	2768
28	25	496
28	26	982
28	27	3042
28	28	0
28	29	1826
28	30	1747
28	31	463
28	32	1088
28	33	2940
28	34	2051
28	35	976
28	36	216
28	37	3026
28	38	2949
28	39	684
28	40	1665
28	41	1932
28	42	3330
28	43	678
28	44	1039
28	45	268
28	46	1830
28	47	917
28	48	206
28	49	2650
28	50	685
28	51	1151
28	52	814
28	53	2082
28	54	1833
28	55	3170
28	56	1013
28	57	3177
28	58	1669
28	59	997
28	60	325
28	61	2501
28	62	628
28	63	1713
28	64	1539
28	65	629
28	66	1693
28	67	1946
28	68	1293
28	69	2577
28	70	2975
28	71	2724
28	72	1689
28	73	1075
28	74	2241
28	75	2693
28	76	1539
28	77	600
28	78	1437
28	79	1629
28	80	1117
28	81	711
28	82	2538
28	83	1035
28	84	929
28	85	2957
28	86	1529
28	87	3115
28	88	1878
28	89	2851
28	90	2619
28	91	717
28	92	478
28	93	2746
28	94	2753
28	95	1258
28	96	1197
28	97	3047
28	98	675
28	99	1113
29	0	1615
29	1	331
29	2	793
29	3	1103
29	4	1449
29	5	784
29	6	2666
29	7	1261
29	8	2356
29	9	1527
29	10	2328
29	11	1397
29	12	1036
29	13	1264
29	14	1211
29	15	2180
29	16	1565
29	17	1747
29	18	1588
29	19	1310
29	20	500
29	21	1151
29	22	450
29	23	2029
29	24	1652
29	25	2304
29	26	1153
29	27	1474
29	28	1826
29	29	0
29	30	901
29	31	2161
29	32	1484
29	33	1764
29	34	288
29	35	1373
29	36	2004
29	37	1414
29	38	1381
29	39	1335
29	40	384
29	41	1283
29	42	1578
29	43	2157
29	44	1576
29	45	1721
29	46	944
29	47	2120
29	48	1643
29	49	931
29	50	2314
29	51	2354
29	52	1625
29	53	766
29	54	1203
29	55	1509
29	56	1347
29	57	1837
29	58	663
29	59	847
29	60	2135
29	61	917
29	62	2199
29	63	1286
29	64	745
29	65	1974
29	66	1009
29	67	139
29	68	1008
29	69	760
29	70	1339
29	71	1103
29	72	801
29	73	1330
29	74	999
29	75	873
29	76	384
29	77	2425
29	78	1147
29	79	491
29	80	1599
29	81	2535
29	82	961
29	83	2264
29	84	1409
29	85	1204
29	86	2417
29	87	1623
29	88	376
29	89	1687
29	90	797
29	91	1580
29	92	1393
29	93	926
29	94	948
29	95	2189
29	96	1702
29	97	1644
29	98	1496
29	99	1441
30	0	1137
30	1	767
30	2	1575
30	3	1264
30	4	1585
30	5	314
30	6	2426
30	7	672
30	8	2248
30	9	1839
30	10	2624
30	11	1259
30	12	395
30	13	1608
30	14	626
30	15	2239
30	16	945
30	17	1715
30	18	1821
30	19	428
30	20	1357
30	21	645
30	22	1116
30	23	1750
30	24	1047
30	25	2117
30	26	773
30	27	1342
30	28	1747
30	29	901
30	30	0
30	31	1901
30	32	1950
30	33	1211
30	34	836
30	35	1795
30	36	1961
30	37	1350
30	38	1256
30	39	1071
30	40	1185
30	41	390
30	42	1753
30	43	2305
30	44	2009
30	45	1532
30	46	87
30	47	2390
30	48	1637
30	49	1123
30	50	2394
30	51	2651
30	52	1162
30	53	423
30	54	302
30	55	1515
30	56	1788
30	57	1431
30	58	1455
30	59	1116
30	60	1977
30	61	880
30	62	2304
30	63	404
30	64	259
30	65	2157
30	66	130
30	67	882
30	68	1601
30	69	1436
30	70	1320
30	71	1088
30	72	1589
30	73	1803
30	74	506
30	75	1519
30	76	615
30	77	2296
30	78	412
30	79	431
30	80	2062
30	81	2412
30	82	902
30	83	2540
30	84	932
30	85	1422
30	86	2851
30	87	1385
30	88	1265
30	89	1121
30	90	1325
30	91	1866
30	92	1491
30	93	1418
30	94	1357
30	95	2582
30	96	2181
30	97	1303
30	98	1761
30	99	1922
31	0	807
31	1	2332
31	2	2107
31	3	1144
31	4	3426
31	5	2185
31	6	528
31	7	2543
31	8	465
31	9	1228
31	10	1457
31	11	764
31	12	1507
31	13	1301
31	14	1287
31	15	776
31	16	2761
31	17	570
31	18	1072
31	19	1762
31	20	2601
31	21	2540
31	22	2603
31	23	152
31	24	2856
31	25	256
31	26	1138
31	27	3238
31	28	463
31	29	2161
31	30	1901
31	31	0
31	32	1550
31	33	3033
31	34	2354
31	35	1439
31	36	493
31	37	3236
31	38	3149
31	39	862
31	40	2054
31	41	2000
31	42	3586
31	43	986
31	44	1496
31	45	442
31	46	1975
31	47	1280
31	48	658
31	49	2911
31	50	893
31	51	1474
31	52	776
31	53	2284
31	54	1915
31	55	3392
31	56	1476
31	57	3301
31	58	2092
31	59	1380
31	60	239
31	61	2728
31	62	897
31	63	1767
31	64	1738
31	65	1009
31	66	1820
31	67	2268
31	68	1743
31	69	2921
31	70	3196
31	71	2950
31	72	2124
31	73	1538
31	74	2407
31	75	3034
31	76	1832
31	77	468
31	78	1530
31	79	1882
31	80	1573
31	81	571
31	82	2760
31	83	1367
31	84	980
31	85	3222
31	86	1893
31	87	3285
31	88	2265
31	89	2946
31	90	2935
31	91	1176
31	92	916
31	93	3059
31	94	3050
31	95	1641
31	96	1647
31	97	3195
31	98	1138
31	99	1575
32	0	1649
32	1	1803
32	2	886
32	3	758
32	4	2925
32	5	2054
32	6	1856
32	7	2564
32	8	1425
32	9	322
32	10	885
32	11	1107
32	12	1734
32	13	374
32	14	1691
32	15	1050
32	16	2865
32	17	984
32	18	479
32	19	2150
32	20	1668
32	21	2487
32	22	1875
32	23	1509
32	24	2965
32	25	1516
32	26	1447
32	27	2948
32	28	1088
32	29	1484
32	30	1950
32	31	1550
32	32	0
32	33	3111
32	34	1771
32	35	165
32	36	1107
32	37	2894
32	38	2854
32	39	1290
32	40	1140
32	41	2285
32	42	3043
32	43	905
32	44	107
32	45	1235
32	46	2033
32	47	722
32	48	913
32	49	2414
32	50	1115
32	51	909
32	52	1629
32	53	2097
32	54	2176
32	55	2993
32	56	162
32	57	3254
32	58	963
32	59	834
32	60	1368
32	61	2381
32	62	996
32	63	2135
32	64	1690
32	65	727
32	66	1970
32	67	1622
32	68	497
32	69	2080
32	70	2821
32	71	2581
32	72	895
32	73	155
32	74	2320
32	75	2191
32	76	1427
32	77	1507
32	78	1852
32	79	1608
32	80	117
32	81	1576
32	82	2425
32	83	843
32	84	1589
32	85	2675
32	86	937
32	87	3082
32	88	1308
32	89	3024
32	90	2213
32	91	378
32	92	733
32	93	2337
32	94	2390
32	95	707
32	96	232
32	97	3077
32	98	416
32	99	49
33	0	2229
33	1	1450
33	2	2555
33	3	2467
33	4	1184
33	5	1057
33	6	3543
33	7	550
33	8	3421
33	9	3035
33	10	3830
33	11	2458
33	12	1563
33	13	2792
33	14	1757
33	15	3444
33	16	273
33	17	2917
33	18	3027
33	19	1275
33	20	1995
33	21	627
33	22	1642
33	23	2883
33	24	177
33	25	3269
33	26	1958
33	27	735
33	28	2940
33	29	1764
33	30	1211
33	31	3033
33	32	3111
33	33	0
33	34	1516
33	35	2966
33	36	3156
33	37	835
33	38	737
33	39	2257
33	40	2142
33	41	1034
33	42	1317
33	43	3516
33	44	3182
33	45	2709
33	46	1125
33	47	3597
33	48	2843
33	49	1152
33	50	3600
33	51	3857
33	52	2259
33	53	1024
33	54	1119
33	55	978
33	56	2953
33	57	332
33	58	2425
33	59	2294
33	60	3144
33	61	940
33	62	3513
33	63	1268
33	64	1456
33	65	3368
33	66	1248
33	67	1657
33	68	2702
33	69	1797
33	70	893
33	71	902
33	72	2564
33	73	2959
33	74	793
33	75	1803
33	76	1688
33	77	3461
33	78	1512
33	79	1503
33	80	3227
33	81	3576
33	82	904
33	83	3748
33	84	2057
33	85	1233
33	86	4034
33	87	578
33	88	2117
33	89	90
33	90	1570
33	91	3066
33	92	2702
33	93	1568
33	94	1447
33	95	3772
33	96	3343
33	97	396
33	98	2962
33	99	3078
34	0	1739
34	1	76
34	2	1062
34	3	1350
34	4	1170
34	5	628
34	6	2870
34	7	1046
34	8	2583
34	9	1805
34	10	2609
34	11	1598
34	12	1076
34	13	1541
34	14	1283
34	15	2434
34	16	1338
34	17	1979
34	18	1858
34	19	1264
34	20	541
34	21	926
34	22	288
34	23	2215
34	24	1419
34	25	2515
34	26	1281
34	27	1186
34	28	2051
34	29	288
34	30	836
34	31	2354
34	32	1771
34	33	1516
34	34	0
34	35	1658
34	36	2239
34	37	1125
34	38	1094
34	39	1504
34	40	664
34	41	1185
34	42	1306
34	43	2423
34	44	1862
34	45	1921
34	46	854
34	47	2398
34	48	1878
34	49	646
34	50	2572
34	51	2636
34	52	1753
34	53	576
34	54	1123
34	55	1222
34	56	1633
34	57	1566
34	58	933
34	59	1100
34	60	2350
34	61	635
34	62	2460
34	63	1239
34	64	763
34	65	2242
34	66	961
34	67	153
34	68	1296
34	69	623
34	70	1051
34	71	816
34	72	1068
34	73	1617
34	74	790
34	75	722
34	76	522
34	77	2649
34	78	1166
34	79	521
34	80	1887
34	81	2761
34	82	679
34	83	2544
34	84	1525
34	85	929
34	86	2705
34	87	1339
34	88	602
34	89	1444
34	90	583
34	91	1856
34	92	1639
34	93	705
34	94	702
34	95	2475
34	96	1990
34	97	1369
34	98	1768
34	99	1729
35	0	1491
35	1	1686
35	2	849
35	3	593
35	4	2821
35	5	1910
35	6	1779
35	7	2417
35	8	1357
35	9	239
35	10	960
35	11	952
35	12	1571
35	13	210
35	14	1526
35	15	1012
35	16	2717
35	17	869
35	18	389
35	19	1987
35	20	1599
35	21	2344
35	22	1781
35	23	1387
35	24	2817
35	25	1428
35	26	1282
35	27	2825
35	28	976
35	29	1373
35	30	1795
35	31	1439
35	32	165
35	33	2966
35	34	1658
35	35	0
35	36	1021
35	37	2775
35	38	2731
35	39	1129
35	40	1050
35	41	2125
35	42	2945
35	43	897
35	44	216
35	45	1099
35	46	1879
35	47	769
35	48	788
35	49	2304
35	50	1098
35	51	986
35	52	1473
35	53	1957
35	54	2016
35	55	2880
35	56	42
35	57	3117
35	58	906
35	59	679
35	60	1272
35	61	2257
35	62	976
35	63	1973
35	64	1536
35	65	709
35	66	1812
35	67	1512
35	68	437
35	69	2005
35	70	2705
35	71	2461
35	72	861
35	73	103
35	74	2177
35	75	2118
35	76	1288
35	77	1440
35	78	1688
35	79	1464
35	80	269
35	81	1517
35	82	2300
35	83	904
35	84	1426
35	85	2573
35	86	1071
35	87	2954
35	88	1232
35	89	2878
35	90	2125
35	91	306
35	92	585
35	93	2250
35	94	2297
35	95	822
35	96	389
35	97	2943
35	98	304
35	99	159
36	0	1043
36	1	2233
36	2	1784
36	3	905
36	4	3376
36	5	2205
36	6	760
36	7	2631
36	8	361
36	9	791
36	10	980
36	11	703
36	12	1593
36	13	927
36	14	1412
36	15	331
36	16	2884
36	17	260
36	18	634
36	19	1930
36	20	2388
36	21	2604
36	22	2454
36	23	525
36	24	2984
36	25	409
36	26	1198
36	27	3250
36	28	216
36	29	2004
36	30	1961
36	31	493
36	32	1107
36	33	3156
36	34	2239
36	35	1021
36	36	0
36	37	3232
36	38	3157
36	39	900
36	40	1817
36	41	2148
36	42	3527
36	43	512
36	44	1040
36	45	471
36	46	2045
36	47	790
36	48	361
36	49	2847
36	50	480
36	51	999
36	52	1012
36	53	2292
36	54	2049
36	55	3374
36	56	1062
36	57	3392
36	58	1795
36	59	1163
36	60	271
36	61	2706
36	62	442
36	63	1928
36	64	1750
36	65	516
36	66	1909
36	67	2128
36	68	1386
36	69	2748
36	70	3180
36	71	2928
36	72	1799
36	73	1124
36	74	2454
36	75	2864
36	76	1734
36	77	439
36	78	1653
36	79	1832
36	80	1113
36	81	539
36	82	2743
36	83	888
36	84	1141
36	85	3152
36	86	1406
36	87	3326
36	88	2029
36	89	3066
36	90	2801
36	91	730
36	92	620
36	93	2928
36	94	2939
36	95	1149
36	96	1176
36	97	3260
36	98	718
36	99	1139
37	0	2487
37	1	1091
37	2	2162
37	3	2400
37	4	351
37	5	1052
37	6	3764
37	7	847
37	8	3549
37	9	2906
37	10	3716
37	11	2540
37	12	1744
37	13	2644
37	14	1976
37	15	3470
37	16	889
37	17	2974
37	18	2941
37	19	1640
37	20	1439
37	21	776
37	22	1103
37	23	3087
37	24	886
37	25	3440
37	26	2098
37	27	109
37	28	3026
37	29	1414
37	30	1350
37	31	3236
37	32	2894
37	33	835
37	34	1125
37	35	2775
37	36	3232
37	37	0
37	38	115
37	39	2384
37	40	1784
37	41	1418
37	42	501
37	43	3490
37	44	2983
37	45	2842
37	46	1288
37	47	3498
37	48	2882
37	49	511
37	50	3618
37	51	3743
37	52	2512
37	53	953
37	54	1448
37	55	177
37	56	2752
37	57	647
37	58	2038
37	59	2171
37	60	3289
37	61	530
37	62	3513
37	63	1622
37	64	1501
37	65	3318
37	66	1454
37	67	1277
37	68	2421
37	69	1124
37	70	86
37	71	315
37	72	2166
37	73	2740
37	74	858
37	75	1092
37	76	1530
37	77	3605
37	78	1755
37	79	1403
37	80	3010
37	81	3721
37	82	491
37	83	3646
37	84	2280
37	85	429
37	86	3829
37	87	311
37	88	1681
37	89	829
37	90	889
37	91	2952
37	92	2677
37	93	838
37	94	718
37	95	3596
37	96	3115
37	97	461
37	98	2858
37	99	2852
38	0	2392
38	1	1053
38	2	2145
38	3	2337
38	4	461
38	5	965
38	6	3676
38	7	734
38	8	3470
38	9	2854
38	10	3665
38	11	2462
38	12	1651
38	13	2593
38	14	1882
38	15	3401
38	16	776
38	17	2900
38	18	2883
38	19	1533
38	20	1446
38	21	667
38	22	1102
38	23	2999
38	24	777
38	25	3356
38	26	2012
38	27	95
38	28	2949
38	29	1381
38	30	1256
38	31	3149
38	32	2854
38	33	737
38	34	1094
38	35	2731
38	36	3157
38	37	115
38	38	0
38	39	2300
38	40	1757
38	41	1309
38	42	614
38	43	3427
38	44	2941
38	45	2760
38	46	1190
38	47	3444
38	48	2809
38	49	518
38	50	3551
38	51	3692
38	52	2417
38	53	869
38	54	1342
38	55	291
38	56	2709
38	57	580
38	58	2019
38	59	2114
38	60	3207
38	61	474
38	62	3447
38	63	1516
