100
0	0	0
0	1	2793
0	2	2097
0	3	1655
0	4	2251
0	5	2118
0	6	1515
0	7	685
0	8	2586
0	9	2736
0	10	590
0	11	2971
0	12	365
0	13	2003
0	14	1023
0	15	1433
0	16	636
0	17	2104
0	18	2630
0	19	2440
0	20	2939
0	21	1327
0	22	854
0	23	407
0	24	2415
0	25	2869
0	26	350
0	27	3096
0	28	1783
0	29	2741
0	30	1832
0	31	561
0	32	2057
0	33	360
0	34	2460
0	35	1681
0	36	2535
0	37	521
0	38	1183
0	39	2094
0	40	660
0	41	1005
0	42	1500
0	43	1796
0	44	2035
0	45	875
0	46	2858
0	47	2950
0	48	980
0	49	93
0	50	2609
0	51	663
0	52	2079
0	53	1301
0	54	2691
0	55	3156
0	56	1883
0	57	1579
0	58	1948
0	59	1979
0	60	1258
0	61	2361
0	62	1298
0	63	1709
0	64	1798
0	65	608
0	66	1661
0	67	2011
0	68	1060
0	69	974
0	70	1457
0	71	1791
0	72	1041
0	73	1260
0	74	1696
0	75	1452
0	76	1460
0	77	1761
0	78	438
0	79	1525
0	80	372
0	81	2311
0	82	2110
0	83	710
0	84	1918
0	85	1655
0	86	2872
0	87	403
0	88	780
0	89	654
0	90	1297
0	91	2778
0	92	1723
0	93	509
0	94	3179
0	95	1639
0	96	779
0	97	971
0	98	1877
0	99	2719
1	0	2793
1	1	0
1	2	993
1	3	1157
1	4	725
1	5	1114
1	6	3132
1	7	2871
1	8	956
1	9	1101
1	10	3275
1	11	1788
1	12	2456
1	13	2059
1	14	1921
1	15	1674
1	16	3406
1	17	1323
1	18	195
1	19	1197
1	20	1395
1	21	3844
1	22	3235
1	23	2398
1	24	1224
1	25	837
1	26	2459
1	27	1722
1	28	3937
1	29	207
1	30	2444
1	31	3338
1	32	2143
1	33	2818
1	34	403
1	35	3583
1	36	260
1	37	2910
1	38	1641
1	39	1096
1	40	2151
1	41	3447
1	42	1372
1	43	1012
1	44	2302
1	45	2682
1	46	1560
1	47	202
1	48	3746
1	49	2862
1	50	188
1	51	2785
1	52	781
1	53	1630
1	54	773
1	55	1397
1	56	2663
1	57	3860
1	58	1223
1	59	821
1	60	2926
1	61	436
1	62	1718
1	63	1345
1	64	2064
1	65	2892
1	66	3475
1	67	2079
1	68	2158
1	69	3695
1	70	1344
1	71	2765
1	72	1767
1	73	3088
1	74	3470
1	75	2534
1	76	1480
1	77	2365
1	78	2382
1	79	2426
1	80	2771
1	81	1593
1	82	1065
1	83	2152
1	84	1365
1	85	1835
1	86	827
1	87	2390
1	88	3471
1	89	3409
1	90	1626
1	91	388
1	92	1070
1	93	3302
1	94	1306
1	95	1785
1	96	3565
1	97	3751
1	98	2415
1	99	102
2	0	2097
2	1	993
2	2	0
2	3	572
2	4	268
2	5	156
2	6	2156
2	7	2004
2	8	506
2	9	688
2	10	2480
2	11	1206
2	12	1823
2	13	1085
2	14	1097
2	15	748
2	16	2648
2	17	371
2	18	798
2	19	479
2	20	972
2	21	2960
2	22	2360
2	23	1691
2	24	478
2	25	772
2	26	1747
2	27	1243
2	28	2983
2	29	1083
2	30	1454
2	31	2657
2	32	1175
2	33	2024
2	34	930
2	35	2614
2	36	780
2	37	2080
2	38	933
2	39	121
2	40	1441
2	41	2568
2	42	610
2	43	513
2	44	1327
2	45	1777
2	46	1000
2	47	1052
2	48	2970
2	49	2145
2	50	880
2	51	1921
2	52	340
2	53	800
2	54	595
2	55	1141
2	56	1672
2	57	2927
2	58	232
2	59	516
2	60	1968
2	61	654
2	62	839
2	63	412
2	64	1073
2	65	2042
2	66	2502
2	67	1106
2	68	1250
2	69	2891
2	70	747
2	71	1772
2	72	1083
2	73	2136
2	74	2493
2	75	1552
2	76	639
2	77	1373
2	78	1757
2	79	1439
2	80	1975
2	81	720
2	82	95
2	83	1391
2	84	372
2	85	845
2	86	775
2	87	1719
2	88	2665
2	89	2639
2	90	803
2	91	776
2	92	669
2	93	2581
2	94	1132
2	95	798
2	96	2870
2	97	2990
2	98	1426
2	99	980
3	0	1655
3	1	1157
3	2	572
3	3	0
3	4	623
3	5	682
3	6	2091
3	7	1723
3	8	1065
3	9	1256
3	10	2118
3	11	1754
3	12	1340
3	13	1344
3	14	776
3	15	643
3	16	2255
3	17	823
3	18	982
3	19	1042
3	20	1543
3	21	2696
3	22	2087
3	23	1252
3	24	1036
3	25	1288
3	26	1313
3	27	1807
3	28	2840
3	29	1144
3	30	1589
3	31	2210
3	32	1441
3	33	1661
3	34	886
3	35	2518
3	36	897
3	37	1754
3	38	484
3	39	642
3	40	1001
3	41	2299
3	42	252
3	43	145
3	44	1558
3	45	1557
3	46	1560
3	47	1300
3	48	2592
3	49	1718
3	50	982
3	51	1637
3	52	428
3	53	507
3	54	1105
3	55	1710
3	56	1793
3	57	2741
3	58	585
3	59	337
3	60	1853
3	61	721
3	62	623
3	63	453
3	64	1244
3	65	1740
3	66	2421
3	67	1364
3	68	1053
3	69	2539
3	70	202
3	71	1848
3	72	616
3	73	2001
3	74	2424
3	75	1538
3	76	394
3	77	1493
3	78	1268
3	79	1461
3	80	1614
3	81	1183
3	82	638
3	83	995
3	84	687
3	85	954
3	86	1288
3	87	1256
3	88	2314
3	89	2255
3	90	499
3	91	1126
3	92	178
3	93	2160
3	94	1694
3	95	894
3	96	2433
3	97	2601
3	98	1583
3	99	1095
4	0	2251
4	1	725
4	2	268
4	3	623
4	4	0
4	5	402
4	6	2415
4	7	2219
4	8	504
4	9	707
4	10	2671
4	11	1329
4	12	1952
4	13	1348
4	14	1286
4	15	978
4	16	2827
4	17	620
4	18	531
4	19	612
4	20	1025
4	21	3184
4	22	2579
4	23	1844
4	24	626
4	25	671
4	26	1902
4	27	1331
4	28	3233
4	29	818
4	30	1721
4	31	2810
4	32	1437
4	33	2212
4	34	686
4	35	2870
4	36	515
4	37	2282
4	38	1069
4	39	378
4	40	1591
4	41	2789
4	42	753
4	43	509
4	44	1591
4	45	2006
4	46	1106
4	47	796
4	48	3157
4	49	2306
4	50	614
4	51	2135
4	52	218
4	53	985
4	54	490
4	55	1149
4	56	1940
4	57	3169
4	58	498
4	59	411
4	60	2219
4	61	404
4	62	1048
4	63	641
4	64	1341
4	65	2251
4	66	2759
4	67	1369
4	68	1477
4	69	3087
4	70	823
4	71	2040
4	72	1214
4	73	2384
4	74	2752
4	75	1813
4	76	824
4	77	1641
4	78	1882
4	79	1702
4	80	2163
4	81	940
4	82	347
4	83	1560
4	84	640
4	85	1110
4	86	670
4	87	1860
4	88	2861
4	89	2822
4	90	985
4	91	543
4	92	649
4	93	2747
4	94	1112
4	95	1061
4	96	3029
4	97	3172
4	98	1694
4	99	713
5	0	2118
5	1	1114
5	2	156
5	3	682
5	4	402
5	5	0
5	6	2069
5	7	1974
5	8	470
5	9	623
5	10	2470
5	11	1074
5	12	1864
5	13	948
5	14	1102
5	15	720
5	16	2647
5	17	219
5	18	923
5	19	364
5	20	875
5	21	2917
5	22	2323
5	23	1717
5	24	354
5	25	771
5	26	1769
5	27	1126
5	28	2907
5	29	1219
5	30	1333
5	31	2676
5	32	1035
5	33	2020
5	34	1080
5	35	2530
5	36	917
5	37	2063
5	38	984
5	39	41
5	40	1472
5	41	2528
5	42	668
5	43	646
5	44	1190
5	45	1734
5	46	878
5	47	1154
5	48	2962
5	49	2160
5	50	1015
5	51	1894
5	52	495
5	53	818
5	54	608
5	55	1065
5	56	1551
5	57	2863
5	58	173
5	59	668
5	60	1895
5	61	800
5	62	831
5	63	409
5	64	953
5	65	2018
5	66	2415
5	67	968
5	68	1214
5	69	2875
5	70	838
5	71	1659
5	72	1133
5	73	2065
5	74	2404
5	75	1461
5	76	664
5	77	1256
5	78	1802
5	79	1342
5	80	1970
5	81	565
5	82	60
5	83	1409
5	84	270
5	85	750
5	86	776
5	87	1753
5	88	2650
5	89	2635
5	90	823
5	91	859
5	92	799
5	93	2590
5	94	1071
5	95	709
5	96	2884
5	97	2987
5	98	1302
5	99	1111
6	0	1515
6	1	3132
6	2	2156
6	3	2091
6	4	2415
6	5	2069
6	6	0
6	7	830
6	8	2461
6	9	2508
6	10	1255
6	11	2365
6	12	1671
6	13	1305
6	14	1383
6	15	1472
6	16	1480
6	17	1909
6	18	2937
6	19	2205
6	20	2546
6	21	1138
6	22	833
6	23	1466
6	24	2170
6	25	2778
6	26	1442
6	27	2538
6	28	863
6	29	3182
6	30	879
6	31	1761
6	32	1282
6	33	1155
6	34	2955
6	35	463
6	36	2892
6	37	1005
6	38	1718
6	39	2073
6	40	1505
6	41	901
6	42	1840
6	43	2216
6	44	1147
6	45	701
6	46	2372
6	47	3208
6	48	1596
6	49	1454
6	50	2990
6	51	857
6	52	2363
6	53	1589
6	54	2649
6	55	2782
6	56	741
6	57	892
6	58	1926
6	59	2394
6	60	281
6	61	2731
6	62	1468
6	63	1788
6	64	1176
6	65	911
6	66	346
6	67	1295
6	68	1056
6	69	1432
6	70	1986
6	71	578
6	72	1690
6	73	265
6	74	338
6	75	608
6	76	1702
6	77	900
6	78	1692
6	79	734
6	80	1145
6	81	1858
6	82	2103
6	83	1387
6	84	1799
6	85	1320
6	86	2786
6	87	1565
6	88	1294
6	89	1431
6	90	1599
6	91	2926
6	92	2255
6	93	1584
6	94	2857
6	95	1361
6	96	1827
6	97	1666
6	98	936
6	99	3101
7	0	685
7	1	2871
7	2	2004
7	3	1723
7	4	2219
7	5	1974
7	6	830
7	7	0
7	8	2433
7	9	2543
7	10	564
7	11	2623
7	12	883
7	13	1564
7	14	950
7	15	1257
7	16	789
7	17	1889
7	18	2686
7	19	2229
7	20	2680
7	21	974
7	22	364
7	23	713
7	24	2198
7	25	2744
7	26	672
7	27	2773
7	28	1217
7	29	2867
7	30	1285
7	31	994
7	32	1593
7	33	325
7	34	2604
7	35	1030
7	36	2613
7	37	185
7	38	1255
7	39	1961
7	40	847
7	41	577
7	42	1499
7	43	1866
7	44	1528
7	45	286
7	46	2557
7	47	2993
7	48	1037
7	49	625
7	50	2701
7	51	86
7	52	2097
7	53	1243
7	54	2581
7	55	2913
7	56	1283
7	57	1061
7	58	1803
7	59	2059
7	60	582
7	61	2438
7	62	1171
7	63	1592
7	64	1367
7	65	88
7	66	993
7	67	1566
7	68	760
7	69	921
7	70	1559
7	71	1166
7	72	1164
7	73	576
7	74	1024
7	75	880
7	76	1399
7	77	1237
7	78	920
7	79	987
7	80	319
7	81	1996
7	82	1985
7	83	775
7	84	1724
7	85	1329
7	86	2749
7	87	802
7	88	706
7	89	755
7	90	1246
7	91	2762
7	92	1849
7	93	831
7	94	2960
7	95	1337
7	96	1117
7	97	1081
7	98	1338
7	99	2815
8	0	2586
8	1	956
8	2	506
8	3	1065
8	4	504
8	5	470
8	6	2461
8	7	2433
8	8	0
8	9	203
8	10	2937
8	11	861
8	12	2324
8	13	1226
8	14	1571
8	15	1186
8	16	3116
8	17	559
8	18	805
8	19	275
8	20	523
8	21	3364
8	22	2778
8	23	2183
8	24	310
8	25	318
8	26	2236
8	27	839
8	28	3315
8	29	1123
8	30	1656
8	31	3145
8	32	1294
8	33	2488
8	34	1096
8	35	2924
8	36	859
8	37	2528
8	38	1436
8	39	492
8	40	1936
8	41	2980
8	42	1114
8	43	981
8	44	1459
8	45	2185
8	46	632
8	47	912
8	48	3430
8	49	2629
8	50	937
8	51	2355
8	52	716
8	53	1285
8	54	209
8	55	650
8	56	1867
8	57	3288
8	58	642
8	59	913
8	60	2312
8	61	831
8	62	1301
8	63	878
8	64	1296
8	65	2481
8	66	2805
8	67	1243
8	68	1673
8	69	3340
8	70	1249
8	71	1997
8	72	1586
8	73	2485
8	74	2789
8	75	1856
8	76	1128
8	77	1596
8	78	2259
8	79	1728
8	80	2439
8	81	687
8	82	477
8	83	1877
8	84	710
8	85	1157
8	86	326
8	87	2216
8	88	3116
8	89	3104
8	90	1289
8	91	593
8	92	1131
8	93	3060
8	94	629
8	95	1128
8	96	3353
8	97	3455
8	98	1614
8	99	995
9	0	2736
9	1	1101
9	2	688
9	3	1256
9	4	707
9	5	623
9	6	2508
9	7	2543
9	8	203
9	9	0
9	10	3061
9	11	688
9	12	2487
9	13	1233
9	14	1714
9	15	1316
9	16	3247
9	17	654
9	18	968
9	19	315
9	20	324
9	21	3455
9	22	2879
9	23	2336
9	24	347
9	25	323
9	26	2388
9	27	646
9	28	3369
9	29	1282
9	30	1673
9	31	3292
9	32	1289
9	33	2618
9	34	1280
9	35	2970
9	36	1035
9	37	2648
9	38	1605
9	39	653
9	40	2093
9	41	3077
9	42	1286
9	43	1178
9	44	1453
9	45	2285
9	46	460
9	47	1027
9	48	3554
9	49	2774
9	50	1106
9	51	2467
9	52	918
9	53	1438
9	54	328
9	55	454
9	56	1876
9	57	3356
9	58	789
9	59	1116
9	60	2379
9	61	1022
9	62	1440
9	63	1029
9	64	1333
9	65	2595
9	66	2849
9	67	1248
9	68	1786
9	69	3457
9	70	1435
9	71	2015
9	72	1754
9	73	2553
9	74	2830
9	75	1911
9	76	1286
9	77	1623
9	78	2424
9	79	1779
9	80	2569
9	81	670
9	82	643
9	83	2026
9	84	828
9	85	1235
9	86	334
9	87	2375
9	88	3235
9	89	3233
9	90	1444
9	91	719
9	92	1330
9	93	3200
9	94	448
9	95	1215
9	96	3496
9	97	3583
9	98	1626
9	99	1152
10	0	590
10	1	3275
10	2	2480
10	3	2118
10	4	2671
10	5	2470
10	6	1255
10	7	564
10	8	2937
10	9	3061
10	10	0
10	11	3179
10	12	945
10	13	2127
10	14	1386
10	15	1751
10	16	231
10	17	2409
10	18	3100
10	19	2751
10	20	3219
10	21	744
10	22	429
10	23	902
10	24	2722
10	25	3240
10	26	841
10	27	3326
10	28	1270
10	29	3244
10	30	1843
10	31	519
10	32	2157
10	33	459
10	34	2969
10	35	1267
10	36	3015
10	37	418
10	38	1634
10	39	2453
10	40	1133
10	41	482
10	42	1924
10	43	2263
10	44	2091
10	45	850
10	46	3105
10	47	3416
10	48	493
10	49	497
10	50	3096
10	51	619
10	52	2524
10	53	1687
10	54	3070
10	55	3449
10	56	1824
10	57	1044
10	58	2297
10	59	2454
10	60	1071
10	61	2839
10	62	1643
10	63	2071
10	64	1929
10	65	489
10	66	1285
10	67	2129
10	68	1279
10	69	420
10	70	1932
10	71	1694
10	72	1510
10	73	992
10	74	1328
10	75	1438
10	76	1849
10	77	1799
10	78	1012
10	79	1549
10	80	508
10	81	2544
10	82	2474
10	83	1124
10	84	2234
10	85	1872
10	86	3245
10	87	944
10	88	200
10	89	192
10	90	1686
10	91	3212
10	92	2215
10	93	340
10	94	3489
10	95	1874
10	96	576
10	97	525
10	98	1898
10	99	3209
11	0	2971
11	1	1788
11	2	1206
11	3	1754
11	4	1329
11	5	1074
11	6	2365
11	7	2623
11	8	861
11	9	688
11	10	3179
11	11	0
11	12	2790
11	13	1083
11	14	1974
11	15	1564
11	16	3390
11	17	952
11	18	1656
11	19	730
11	20	410
11	21	3433
11	22	2914
11	23	2602
11	24	728
11	25	971
11	26	2643
11	27	181
11	28	3217
11	29	1970
11	30	1486
11	31	3500
11	32	1088
11	33	2777
11	34	1957
11	35	2803
11	36	1719
11	37	2764
11	38	1977
11	39	1115
11	40	2386
11	41	3089
11	42	1697
11	43	1718
11	44	1219
11	45	2341
11	46	230
11	47	1702
11	48	3660
11	49	2990
11	50	1792
11	51	2561
11	52	1513
11	53	1758
11	54	1016
11	55	550
11	56	1643
11	57	3254
11	58	1181
11	59	1708
11	60	2311
11	61	1689
11	62	1709
11	63	1392
11	64	1263
11	65	2692
11	66	2678
11	67	1088
11	68	1927
11	69	3539
11	70	1895
11	71	1803
11	72	2115
11	73	2479
11	74	2649
11	75	1832
11	76	1642
11	77	1478
11	78	2739
11	79	1699
11	80	2730
11	81	662
11	82	1124
11	83	2288
11	84	1130
11	85	1321
11	86	982
11	87	2663
11	88	3328
11	89	3365
11	90	1769
11	91	1403
11	92	1872
11	93	3380
11	94	665
11	95	1333
11	96	3681
11	97	3703
11	98	1429
11	99	1840
12	0	365
12	1	2456
12	2	1823
12	3	1340
12	4	1952
12	5	1864
12	6	1671
12	7	883
12	8	2324
12	9	2487
12	10	945
12	11	2790
12	12	0
12	13	1900
12	14	817
12	15	1227
12	16	1000
12	17	1880
12	18	2300
12	19	2204
12	20	2714
12	21	1667
12	22	1142
12	23	229
12	24	2183
12	25	2592
12	26	232
12	27	2901
12	28	2070
12	29	2394
12	30	1809
12	31	882
12	32	1968
12	33	600
12	34	2112
12	35	1913
12	36	2200
12	37	768
12	38	891
12	39	1835
12	40	404
12	41	1319
12	42	1215
12	43	1476
12	44	1975
12	45	977
12	46	2656
12	47	2620
12	48	1344
12	49	453
12	50	2270
12	51	829
12	52	1767
12	53	1054
12	54	2411
12	55	2922
12	56	1901
12	57	1882
12	58	1700
12	59	1652
12	60	1395
12	61	2029
12	62	1082
12	63	1459
12	64	1700
12	65	829
12	66	1874
12	67	1911
12	68	965
12	69	1339
12	70	1138
12	71	1838
12	72	741
12	73	1439
12	74	1903
12	75	1471
12	76	1200
12	77	1726
12	78	75
12	79	1514
12	80	580
12	81	2129
12	82	1848
12	83	510
12	84	1692
12	85	1508
12	86	2594
12	87	136
12	88	1139
12	89	1019
12	90	1046
12	91	2465
12	92	1389
12	93	864
12	94	2934
12	95	1480
12	96	1110
12	97	1332
12	98	1847
12	99	2378
13	0	2003
13	1	2059
13	2	1085
13	3	1344
13	4	1348
13	5	948
13	6	1305
13	7	1564
13	8	1226
13	9	1233
13	10	2127
13	11	1083
13	12	1900
13	13	0
13	14	1121
13	15	803
13	16	2347
13	17	736
13	18	1870
13	19	953
13	20	1242
13	21	2350
13	22	1837
13	23	1684
13	24	918
13	25	1529
13	26	1711
13	27	1249
13	28	2167
13	29	2166
13	30	441
13	31	2494
13	32	97
13	33	1756
13	34	2010
13	35	1759
13	36	1863
13	37	1718
13	38	1283
13	39	970
13	40	1519
13	41	2007
13	42	1146
13	43	1402
13	44	243
13	45	1279
13	46	1068
13	47	2082
13	48	2597
13	49	2003
13	50	1962
13	51	1509
13	52	1395
13	53	1041
13	54	1430
13	55	1477
13	56	643
13	57	2184
13	58	875
13	59	1516
13	60	1229
13	61	1738
13	62	930
13	63	894
13	64	205
13	65	1639
13	66	1635
13	67	21
13	68	947
13	69	2468
13	70	1371
13	71	783
13	72	1376
13	73	1398
13	74	1612
13	75	749
13	76	1017
13	77	405
13	78	1867
13	79	615
13	80	1713
13	81	565
13	82	1001
13	83	1395
13	84	728
13	85	436
13	86	1539
13	87	1765
13	88	2264
13	89	2317
13	90	1055
13	91	1770
13	92	1518
13	93	2357
13	94	1555
13	95	488
13	96	2656
13	97	2645
13	98	393
13	99	2058
14	0	1023
14	1	1921
14	2	1097
14	3	776
14	4	1286
14	5	1102
14	6	1383
14	7	950
14	8	1571
14	9	1714
14	10	1386
14	11	1974
14	12	817
14	13	1121
14	14	0
14	15	414
14	16	1551
14	17	1082
14	18	1738
14	19	1417
14	20	1917
14	21	1923
14	22	1314
14	23	632
14	24	1392
14	25	1864
14	26	679
14	27	2088
14	28	2078
14	29	1919
14	30	1139
14	31	1577
14	32	1199
14	33	929
14	34	1661
14	35	1779
14	36	1663
14	37	997
14	38	337
14	39	1080
14	40	415
14	41	1526
14	42	550
14	43	918
14	44	1240
14	45	786
14	46	1846
14	47	2047
14	48	1874
14	49	1060
14	50	1751
14	51	864
14	52	1150
14	53	301
14	54	1690
14	55	2134
14	56	1291
14	57	1969
14	58	930
14	59	1110
14	60	1121
14	61	1488
14	62	276
14	63	694
14	64	933
14	65	972
14	66	1692
14	67	1135
14	68	335
14	69	1801
14	70	626
14	71	1287
14	72	323
14	73	1254
14	74	1701
14	75	921
14	76	463
14	77	1043
14	78	770
14	79	897
14	80	879
14	81	1312
14	82	1098
14	83	317
14	84	895
14	85	704
14	86	1868
14	87	689
14	88	1575
14	89	1543
14	90	301
14	91	1829
14	92	913
14	93	1489
14	94	2157
14	95	669
14	96	1783
14	97	1894
14	98	1160
14	99	1866
15	0	1433
15	1	1674
15	2	748
15	3	643
15	4	978
15	5	720
15	6	1472
15	7	1257
15	8	1186
15	9	1316
15	10	1751
15	11	1564
15	12	1227
15	13	803
15	14	414
15	15	0
15	16	1933
15	17	672
15	18	1481
15	19	1011
15	20	1506
15	21	2212
15	22	1612
15	23	1046
15	24	985
15	25	1491
15	26	1092
15	27	1675
15	28	2263
15	29	1711
15	30	963
15	31	1982
15	32	893
15	33	1304
15	34	1484
15	35	1915
15	36	1427
15	37	1343
15	38	482
15	39	705
15	40	823
15	41	1819
15	42	398
15	43	752
15	44	977
15	45	1030
15	46	1432
15	47	1770
15	48	2244
15	49	1465
15	50	1523
15	51	1176
15	52	896
15	53	239
15	54	1325
15	55	1725
15	56	1158
15	57	2192
15	58	548
15	59	924
15	60	1254
15	61	1261
15	62	147
15	63	339
15	64	652
15	65	1299
15	66	1811
15	67	820
15	68	502
15	69	2155
15	70	602
15	71	1206
15	72	588
15	73	1414
15	74	1809
15	75	899
15	76	252
15	77	864
15	78	1176
15	79	818
15	80	1254
15	81	903
15	82	728
15	83	731
15	84	489
15	85	368
15	86	1496
15	87	1101
15	88	1931
15	89	1919
15	90	252
15	91	1517
15	92	818
15	93	1885
15	94	1753
15	95	315
15	96	2182
15	97	2270
15	98	963
15	99	1635
16	0	636
16	1	3406
16	2	2648
16	3	2255
16	4	2827
16	5	2647
16	6	1480
16	7	789
16	8	3116
16	9	3247
16	10	231
16	11	3390
16	12	1000
16	13	2347
16	14	1551
16	15	1933
16	16	0
16	17	2598
16	18	3236
16	19	2940
16	20	3416
16	21	822
16	22	648
16	23	1009
16	24	2912
16	25	3414
16	26	947
16	27	3533
16	28	1415
16	29	3363
16	30	2071
16	31	340
16	32	2380
16	33	629
16	34	3084
16	35	1461
16	36	3146
16	37	629
16	38	1772
16	39	2628
16	40	1255
16	41	656
16	42	2075
16	43	2398
16	44	2317
16	45	1073
16	46	3309
16	47	3554
16	48	345
16	49	553
16	50	3224
16	51	837
16	52	2670
16	53	1849
16	54	3241
16	55	3644
16	56	2056
16	57	1178
16	58	2474
16	59	2586
16	60	1302
16	61	2971
16	62	1816
16	63	2243
16	64	2147
16	65	709
16	66	1489
16	67	2349
16	68	1476
16	69	358
16	70	2062
16	71	1926
16	72	1639
16	73	1219
16	74	1534
16	75	1667
16	76	2011
16	77	2025
16	78	1074
16	79	1776
16	80	678
16	81	2749
16	82	2647
16	83	1268
16	84	2420
16	85	2076
16	86	3418
16	87	1030
16	88	244
16	89	55
16	90	1847
16	91	3364
16	92	2338
16	93	185
16	94	3680
16	95	2075
16	96	347
16	97	346
16	98	2126
16	99	3335
17	0	2104
17	1	1323
17	2	371
17	3	823
17	4	620
17	5	219
17	6	1909
17	7	1889
17	8	559
17	9	654
17	10	2409
17	11	952
17	12	1880
17	13	736
17	14	1082
17	15	672
17	16	2598
17	17	0
17	18	1134
17	19	342
17	20	836
17	21	2809
17	22	2228
17	23	1712
17	24	314
17	25	877
17	26	1760
17	27	1035
17	28	2759
17	29	1435
17	30	1136
17	31	2655
17	32	821
17	33	1969
17	34	1299
17	35	2372
17	36	1133
17	37	1995
17	38	1032
17	39	250
17	40	1478
17	41	2427
17	42	745
17	43	816
17	44	979
17	45	1634
17	46	786
17	47	1350
17	48	2901
17	49	2137
17	50	1231
17	51	1813
17	52	707
17	53	828
17	54	740
17	55	1053
17	56	1353
17	57	2729
17	58	238
17	59	868
17	60	1754
17	61	1019
17	62	806
17	63	441
17	64	762
17	65	1941
17	66	2254
17	67	756
17	68	1133
17	69	2804
17	70	946
17	71	1470
17	72	1174
17	73	1926
17	74	2240
17	75	1301
17	76	697
17	77	1066
17	78	1823
17	79	1176
17	80	1920
17	81	366
17	82	278
17	83	1398
17	84	188
17	85	598
17	86	885
17	87	1760
17	88	2581
17	89	2582
17	90	837
17	91	1043
17	92	964
17	93	2556
17	94	1083
17	95	570
17	96	2854
17	97	2931
17	98	1102
17	99	1324
18	0	2630
18	1	195
18	2	798
18	3	982
18	4	531
18	5	923
18	6	2937
18	7	2686
18	8	805
18	9	968
18	10	3100
18	11	1656
18	12	2300
18	13	1870
18	14	1738
18	15	1481
18	16	3236
18	17	1134
18	18	0
18	19	1029
18	20	1277
18	21	3659
18	22	3050
18	23	2231
18	24	1054
18	25	741
18	26	2292
18	27	1605
18	28	3744
18	29	320
18	30	2251
18	31	3179
18	32	1955
18	33	2642
18	34	362
18	35	3389
18	36	118
18	37	2730
18	38	1467
18	39	904
18	40	1982
18	41	3262
18	42	1188
18	43	838
18	44	2112
18	45	2493
18	46	1427
18	47	320
18	48	3575
18	49	2696
18	50	142
18	51	2601
18	52	591
18	53	1444
18	54	642
18	55	1308
18	56	2469
18	57	3669
18	58	1029
18	59	651
18	60	2733
18	61	272
18	62	1529
18	63	1151
18	64	1871
18	65	2710
18	66	3280
18	67	1890
18	68	1968
18	69	3520
18	70	1175
18	71	2571
18	72	1597
18	73	2895
18	74	3275
18	75	2339
18	76	1291
18	77	2171
18	78	2226
18	79	2231
18	80	2595
18	81	1416
18	82	873
18	83	1977
18	84	1171
18	85	1640
18	86	732
18	87	2228
18	88	3296
18	89	3238
18	90	1440
18	91	307
18	92	911
18	93	3137
18	94	1228
18	95	1590
18	96	3405
18	97	3582
18	98	2223
18	99	195
19	0	2440
19	1	1197
19	2	479
19	3	1042
19	4	612
19	5	364
19	6	2205
19	7	2229
19	8	275
19	9	315
19	10	2751
19	11	730
19	12	2204
19	13	953
19	14	1417
19	15	1011
19	16	2940
19	17	342
19	18	1029
19	19	0
19	20	515
19	21	3141
19	22	2565
19	23	2044
19	24	35
19	25	578
19	26	2094
19	27	765
19	28	3063
19	29	1348
19	30	1386
19	31	2993
19	32	1020
19	33	2311
19	34	1278
19	35	2668
19	36	1064
19	37	2336
19	38	1336
19	39	402
19	40	1806
19	41	2762
19	42	1027
19	43	993
19	44	1184
19	45	1970
19	46	521
19	47	1174
19	48	3243
19	49	2475
19	50	1151
19	51	2154
19	52	785
19	53	1151
19	54	483
19	55	718
19	56	1595
19	57	3046
19	58	509
19	59	979
19	60	2069
19	61	998
19	62	1141
19	63	746
19	64	1033
19	65	2282
19	66	2548
19	67	970
19	68	1474
19	69	3145
19	70	1201
19	71	1728
19	72	1483
19	73	2242
19	74	2530
19	75	1604
19	76	1007
19	77	1330
19	78	2144
19	79	1473
19	80	2261
19	81	413
19	82	404
19	83	1731
19	84	523
19	85	921
19	86	587
19	87	2088
19	88	2923
19	89	2924
19	90	1158
19	91	854
19	92	1148
19	93	2896
19	94	742
19	95	900
19	96	3194
19	97	3273
19	98	1343
19	99	1224
20	0	2939
20	1	1395
20	2	972
20	3	1543
20	4	1025
20	5	875
20	6	2546
20	7	2680
20	8	523
20	9	324
20	10	3219
20	11	410
20	12	2714
20	13	1242
20	14	1917
20	15	1506
20	16	3416
20	17	836
20	18	1277
20	19	515
20	20	0
20	21	3554
20	22	3000
20	23	2548
20	24	533
20	25	566
20	26	2596
20	27	328
20	28	3409
20	29	1585
20	30	1678
20	31	3487
20	32	1276
20	33	2789
20	34	1599
20	35	3001
20	36	1351
20	37	2801
20	38	1851
20	39	912
20	40	2314
20	41	3189
20	42	1542
20	43	1477
20	44	1430
20	45	2410
20	46	218
20	47	1298
20	48	3709
20	49	2969
20	50	1417
20	51	2610
20	52	1231
20	53	1661
20	54	636
20	55	237
20	56	1863
20	57	3419
20	58	1023
20	59	1430
20	60	2450
20	61	1345
20	62	1642
20	63	1260
20	64	1383
20	65	2740
20	66	2877
20	67	1252
20	68	1941
20	69	3601
20	70	1711
20	71	2015
20	72	1997
20	73	2623
20	74	2853
20	75	1971
20	76	1520
20	77	1646
20	78	2656
20	79	1835
20	80	2741
20	81	698
20	82	910
20	83	2234
20	84	1024
20	85	1352
20	86	577
20	87	2596
20	88	3383
20	89	3397
20	90	1669
20	91	1008
20	92	1632
20	93	3383
20	94	317
20	95	1345
20	96	3683
20	97	3743
20	98	1625
20	99	1455
21	0	1327
21	1	3844
21	2	2960
21	3	2696
21	4	3184
21	5	2917
21	6	1138
21	7	974
21	8	3364
21	9	3455
21	10	744
21	11	3433
21	12	1667
21	13	2350
21	14	1923
21	15	2212
21	16	822
21	17	2809
21	18	3659
21	19	3141
21	20	3554
21	21	0
21	22	610
21	23	1581
21	24	3108
21	25	3680
21	26	1524
21	27	3598
21	28	658
21	29	3840
21	30	1967
21	31	1156
21	32	2350
21	33	1099
21	34	3576
21	35	875
21	36	3586
21	37	962
21	38	2224
21	39	2908
21	40	1776
21	41	397
21	42	2472
21	43	2840
21	44	2238
21	45	1184
21	46	3405
21	47	3964
21	48	677
21	49	1233
21	50	3675
21	51	1059
21	52	3069
21	53	2215
21	54	3525
21	55	3791
21	56	1866
21	57	418
21	58	2750
21	59	3033
21	60	1123
21	61	3411
21	62	2137
21	63	2550
21	64	2180
21	65	960
21	66	961
21	67	2346
21	68	1710
21	69	522
21	70	2529
21	71	1707
21	72	2124
21	73	961
21	74	1009
21	75	1601
21	76	2370
21	77	1960
21	78	1729
21	79	1735
21	80	1136
21	81	2857
21	82	2934
21	83	1729
21	84	2657
21	85	2220
21	86	3686
21	87	1642
21	88	587
21	89	772
21	90	2218
21	91	3726
21	92	2819
21	93	1006
21	94	3851
21	95	2241
21	96	1074
21	97	759
21	98	2026
21	99	3789
22	0	854
22	1	3235
22	2	2360
22	3	2087
22	4	2579
22	5	2323
22	6	833
22	7	364
22	8	2778
22	9	2879
22	10	429
22	11	2914
22	12	1142
22	13	1837
22	14	1314
22	15	1612
22	16	648
22	17	2228
22	18	3050
22	19	2565
22	20	3000
22	21	610
22	22	0
22	23	1015
22	24	2533
22	25	3091
22	26	964
22	27	3071
22	28	931
22	29	3231
22	30	1503
22	31	947
22	32	1853
22	33	544
22	34	2967
22	35	854
22	36	2977
22	37	382
22	38	1617
22	39	2313
22	40	1186
22	41	213
22	42	1863
22	43	2230
22	44	1765
22	45	594
22	46	2865
22	47	3356
22	48	789
22	49	769
22	50	3065
22	51	450
22	52	2460
22	53	1606
22	54	2932
22	55	3235
22	56	1453
22	57	741
22	58	2154
22	59	2423
22	60	680
22	61	2802
22	62	1531
22	63	1948
22	64	1651
22	65	357
22	66	861
22	67	1836
22	68	1111
22	69	641
22	70	1921
22	71	1311
22	72	1521
22	73	576
22	74	903
22	75	1105
22	76	1762
22	77	1474
22	78	1194
22	79	1231
22	80	570
22	81	2308
22	82	2337
22	83	1128
22	84	2068
22	85	1651
22	86	3097
22	87	1091
22	88	468
22	89	598
22	90	1609
22	91	3122
22	92	2211
22	93	767
22	94	3288
22	95	1666
22	96	995
22	97	852
22	98	1560
22	99	3179
23	0	407
23	1	2398
23	2	1691
23	3	1252
23	4	1844
23	5	1717
23	6	1466
23	7	713
23	8	2183
23	9	2336
23	10	902
23	11	2602
23	12	229
23	13	1684
23	14	632
23	15	1046
23	16	1009
23	17	1712
23	18	2231
23	19	2044
23	20	2548
23	21	1581
23	22	1015
23	23	0
23	24	2021
23	25	2464
23	26	62
23	27	2720
23	28	1924
23	29	2354
23	30	1582
23	31	967
23	32	1749
23	33	482
23	34	2075
23	35	1736
23	36	2139
23	37	633
23	38	776
23	39	1691
23	40	253
23	41	1209
23	42	1093
23	43	1394
23	44	1752
23	45	765
23	46	2478
23	47	2550
23	48	1352
23	49	465
23	50	2215
23	51	647
23	52	1674
23	53	899
23	54	2285
23	55	2762
23	56	1672
23	57	1753
23	58	1548
23	59	1580
23	60	1187
23	61	1964
23	62	906
23	63	1308
23	64	1482
23	65	674
23	66	1688
23	67	1695
23	68	742
23	69	1318
23	70	1056
23	71	1611
23	72	636
23	73	1244
23	74	1713
23	75	1243
23	76	1055
23	77	1499
23	78	229
23	79	1285
23	80	448
23	81	1940
23	82	1706
23	83	315
23	84	1525
23	85	1304
23	86	2466
23	87	101
23	88	1102
23	89	1015
23	90	894
23	91	2372
23	92	1329
23	93	907
23	94	2782
23	95	1279
23	96	1185
23	97	1353
23	98	1619
23	99	2326
24	0	2415
24	1	1224
24	2	478
24	3	1036
24	4	626
24	5	354
24	6	2170
24	7	2198
24	8	310
24	9	347
24	10	2722
24	11	728
24	12	2183
24	13	918
24	14	1392
24	15	985
24	16	2912
24	17	314
24	18	1054
24	19	35
24	20	533
24	21	3108
24	22	2533
24	23	2021
24	24	0
24	25	613
24	26	2070
24	27	771
24	28	3029
24	29	1373
24	30	1351
24	31	2967
24	32	985
24	33	2283
24	34	1297
24	35	2633
24	36	1086
24	37	2307
24	38	1318
24	39	394
24	40	1784
24	41	2730
24	42	1013
24	43	991
24	44	1149
24	45	1939
24	46	525
24	47	1205
24	48	3214
24	49	2450
24	50	1175
24	51	2123
24	52	792
24	53	1129
24	54	517
24	55	741
24	56	1560
24	57	3011
24	58	492
24	59	984
24	60	2035
24	61	1017
24	62	1117
24	63	727
24	64	998
24	65	2252
24	66	2512
24	67	935
24	68	1445
24	69	3115
24	70	1191
24	71	1692
24	72	1465
24	73	2208
24	74	2495
24	75	1569
24	76	988
24	77	1294
24	78	2124
24	79	1438
24	80	2234
24	81	380
24	82	399
24	83	1707
24	84	497
24	85	888
24	86	622
24	87	2066
24	88	2893
24	89	2895
24	90	1137
24	91	885
24	92	1146
24	93	2870
24	94	769
24	95	868
24	96	3168
24	97	3245
24	98	1308
24	99	1249
25	0	2869
25	1	837
25	2	772
25	3	1288
25	4	671
25	5	771
25	6	2778
25	7	2744
25	8	318
25	9	323
25	10	3240
25	11	971
25	12	2592
25	13	1529
25	14	1864
25	15	1491
25	16	3414
25	17	877
25	18	741
25	19	578
25	20	566
25	21	3680
25	22	3091
25	23	2464
25	24	613
25	25	0
25	26	2519
25	27	888
25	28	3633
25	29	1033
25	30	1964
25	31	3429
25	32	1592
25	33	2788
25	34	1088
25	35	3241
25	36	831
25	37	2834
25	38	1701
25	39	787
25	40	2213
25	41	3294
25	42	1377
25	43	1180
25	44	1756
25	45	2499
25	46	753
25	47	732
25	48	3732
25	49	2916
25	50	882
25	51	2664
25	52	887
25	53	1571
25	54	183
25	55	568
25	56	2172
25	57	3606
25	58	943
25	59	1070
25	60	2631
25	61	869
25	62	1598
25	63	1171
25	64	1610
25	65	2789
25	66	3121
25	67	1545
25	68	1984
25	69	3646
25	70	1484
25	71	2305
25	72	1850
25	73	2803
25	74	3105
25	75	2173
25	76	1411
25	77	1907
25	78	2525
25	79	2044
25	80	2738
25	81	974
25	82	767
25	83	2163
25	84	1023
25	85	1475
25	86	12
25	87	2490
25	88	3421
25	89	3404
25	90	1574
25	91	450
25	92	1319
25	93	3351
25	94	491
25	95	1446
25	96	3642
25	97	3755
25	98	1920
25	99	905
26	0	350
26	1	2459
26	2	1747
26	3	1313
26	4	1902
26	5	1769
26	6	1442
26	7	672
26	8	2236
26	9	2388
26	10	841
26	11	2643
26	12	232
26	13	1711
26	14	679
26	15	1092
26	16	947
26	17	1760
26	18	2292
26	19	2094
26	20	2596
26	21	1524
26	22	964
26	23	62
26	24	2070
26	25	2519
26	26	0
26	27	2763
26	28	1878
26	29	2416
26	30	1594
26	31	911
26	32	1774
26	33	427
26	34	2137
26	35	1700
26	36	2200
26	37	582
26	38	836
26	39	1744
26	40	312
26	41	1155
26	42	1150
26	43	1455
26	44	1771
26	45	746
26	46	2523
26	47	2611
26	48	1290
26	49	405
26	50	2277
26	51	610
26	52	1734
26	53	952
26	54	2341
26	55	2812
26	56	1677
26	57	1703
26	58	1599
26	59	1641
26	60	1165
26	61	2025
26	62	954
26	63	1360
26	64	1509
26	65	628
26	66	1655
26	67	1721
26	68	766
26	69	1256
26	70	1117
26	71	1609
26	72	697
26	73	1215
26	74	1682
26	75	1245
26	76	1109
26	77	1513
26	78	251
26	79	1294
26	80	395
26	81	1981
26	82	1760
26	83	363
26	84	1574
26	85	1339
26	86	2522
26	87	130
26	88	1041
26	89	954
26	90	947
26	91	2432
26	92	1391
26	93	847
26	94	2832
26	95	1317
26	96	1127
26	97	1292
26	98	1633
26	99	2388
27	0	3096
27	1	1722
27	2	1243
27	3	1807
27	4	1331
27	5	1126
27	6	2538
27	7	2773
27	8	839
27	9	646
27	10	3326
27	11	181
27	12	2901
27	13	1249
27	14	2088
27	15	1675
27	16	3533
27	17	1035
27	18	1605
27	19	765
27	20	328
27	21	3598
27	22	3071
27	23	2720
27	24	771
27	25	888
27	26	2763
27	27	0
27	28	3393
27	29	1912
27	30	1660
27	31	3632
27	32	1258
27	33	2915
27	34	1925
27	35	2979
27	36	1678
27	37	2909
27	38	2067
27	39	1165
27	40	2497
27	41	3249
27	42	1774
27	43	1756
27	44	1394
27	45	2493
27	46	250
27	47	1619
27	48	3809
27	49	3119
27	50	1745
27	51	2708
27	52	1529
27	53	1857
27	54	964
27	55	399
27	56	1820
27	57	3426
27	58	1252
27	59	1727
27	60	2478
27	61	1667
27	62	1819
27	63	1475
27	64	1422
27	65	2840
27	66	2854
27	67	1254
27	68	2063
27	69	3691
27	70	1961
27	71	1980
27	72	2208
27	73	2647
27	74	2826
27	75	1998
27	76	1731
27	77	1647
27	78	2847
27	79	1863
27	80	2868
27	81	787
27	82	1169
27	83	2405
27	84	1219
27	85	1458
27	86	899
27	87	2776
27	88	3478
27	89	3510
27	90	1867
27	91	1334
27	92	1912
27	93	3516
27	94	517
27	95	1464
27	96	3818
27	97	3850
27	98	1603
27	99	1783
28	0	1783
28	1	3937
28	2	2983
28	3	2840
28	4	3233
28	5	2907
28	6	863
28	7	1217
28	8	3315
28	9	3369
28	10	1270
28	11	3217
28	12	2070
28	13	2167
28	14	2078
28	15	2263
28	16	1415
28	17	2759
28	18	3744
28	19	3063
28	20	3409
28	21	658
28	22	931
28	23	1924
28	24	3029
28	25	3633
28	26	1878
28	27	3393
28	28	0
28	29	3967
28	30	1736
28	31	1755
28	32	2140
28	33	1470
28	34	3724
28	35	415
28	36	3689
28	37	1302
28	38	2411
28	39	2908
28	40	2060
28	41	791
28	42	2595
28	43	2975
28	44	1999
28	45	1294
28	46	3233
28	47	4028
28	48	1330
28	49	1695
28	50	3784
28	51	1293
28	52	3158
28	53	2334
28	54	3498
28	55	3644
28	56	1576
28	57	244
28	58	2756
28	59	3163
28	60	1014
28	61	3520
28	62	2229
28	63	2595
28	64	2038
28	65	1251
28	66	540
28	67	2157
28	68	1790
28	69	1168
28	70	2704
28	71	1414
28	72	2345
28	73	849
28	74	572
28	75	1460
28	76	2469
28	77	1763
28	78	2117
28	79	1591
28	80	1491
28	81	2721
28	82	2937
28	83	1975
28	84	2638
28	85	2163
28	86	3641
28	87	2008
28	88	1172
28	89	1361
28	90	2341
28	91	3758
28	92	2989
28	93	1586
28	94	3721
28	95	2199
28	96	1708
28	97	1412
28	98	1792
28	99	3897
29	0	2741
29	1	207
29	2	1083
29	3	1144
29	4	818
29	5	1219
29	6	3182
29	7	2867
29	8	1123
29	9	1282
29	10	3244
29	11	1970
29	12	2394
29	13	2166
29	14	1919
29	15	1711
29	16	3363
29	17	1435
29	18	320
29	19	1348
29	20	1585
29	21	3840
29	22	3231
29	23	2354
29	24	1373
29	25	1033
29	26	2416
29	27	1912
29	28	3967
29	29	0
29	30	2534
29	31	3275
29	32	2254
29	33	2792
29	34	283
29	35	3626
29	36	303
29	37	2894
29	38	1619
29	39	1196
29	40	2113
29	41	3443
29	42	1377
29	43	1002
29	44	2409
29	45	2695
29	46	1741
29	47	392
29	48	3705
29	49	2813
29	50	204
29	51	2781
29	52	819
29	53	1639
29	54	954
29	55	1597
29	56	2751
29	57	3879
29	58	1307
29	59	809
29	60	2964
29	61	451
29	62	1739
29	63	1397
29	64	2154
29	65	2883
29	66	3522
29	67	2187
29	68	2179
29	69	3664
29	70	1316
29	71	2845
29	72	1734
29	73	3121
29	74	3519
29	75	2593
29	76	1498
29	77	2450
29	78	2319
29	79	2492
29	80	2745
29	81	1731
29	82	1165
29	83	2127
29	84	1453
29	85	1908
29	86	1023
29	87	2338
29	88	3442
29	89	3369
29	90	1633
29	91	583
29	92	1030
29	93	3250
29	94	1508
29	95	1855
29	96	3504
29	97	3706
29	98	2508
29	99	130
30	0	1832
30	1	2444
30	2	1454
30	3	1589
30	4	1721
30	5	1333
30	6	879
30	7	1285
30	8	1656
30	9	1673
30	10	1843
30	11	1486
30	12	1809
30	13	441
30	14	1139
30	15	963
30	16	2071
30	17	1136
30	18	2251
30	19	1386
30	20	1678
30	21	1967
30	22	1503
30	23	1582
30	24	1351
30	25	1964
30	26	1594
30	27	1660
30	28	1736
30	29	2534
30	30	0
30	31	2265
30	32	404
30	33	1533
30	34	2351
30	35	1325
30	36	2232
30	37	1458
30	38	1395
30	39	1348
30	40	1475
30	41	1651
30	42	1356
30	43	1678
30	44	272
30	45	1006
30	46	1497
30	47	2485
30	48	2286
30	49	1813
30	50	2331
30	51	1248
30	52	1731
30	53	1176
30	54	1857
30	55	1912
30	56	218
30	57	1768
30	58	1227
30	59	1821
30	60	847
30	61	2091
30	62	1045
30	63	1175
30	64	380
30	65	1368
30	66	1200
30	67	428
30	68	861
30	69	2144
30	70	1564
30	71	342
30	72	1447
30	73	1006
30	74	1175
30	75	405
30	76	1212
30	77	99
30	78	1792
30	79	307
30	80	1497
30	81	1005
30	82	1379
30	83	1340
30	84	1082
30	85	643
30	86	1973
30	87	1675
30	88	1955
30	89	2034
30	90	1189
30	91	2179
30	92	1767
30	93	2111
30	94	1993
30	95	702
30	96	2401
30	97	2342
30	98	59
30	99	2434
31	0	561
31	1	3338
31	2	2657
31	3	2210
31	4	2810
31	5	2676
31	6	1761
31	7	994
31	8	3145
31	9	3292
31	10	519
31	11	3500
31	12	882
31	13	2494
31	14	1577
31	15	1982
31	16	340
31	17	2655
31	18	3179
31	19	2993
31	20	3487
31	21	1156
31	22	947
31	23	967
31	24	2967
31	25	3429
31	26	911
31	27	3632
31	28	1755
31	29	3275
31	30	2265
31	31	0
31	32	2538
31	33	739
31	34	2993
31	35	1785
31	36	3081
31	37	812
31	38	1742
31	39	2653
31	40	1220
31	41	987
31	42	2060
31	43	2349
31	44	2495
31	45	1261
31	46	3398
31	47	3499
31	48	574
31	49	518
31	50	3152
31	51	1019
31	52	2636
31	53	1861
31	54	3251
31	55	3708
31	56	2277
31	57	1518
31	58	2505
31	59	2530
31	60	1555
31	61	2909
31	62	1852
31	63	2267
31	64	2290
31	65	906
31	66	1804
31	67	2500
31	68	1574
31	69	660
31	70	2010
31	71	2160
31	72	1598
31	73	1496
31	74	1848
31	75	1865
31	76	2019
31	77	2208
31	78	957
31	79	1961
31	80	781
31	81	2845
31	82	2669
31	83	1268
31	84	2470
31	85	2179
31	86	3433
31	87	954
31	88	583
31	89	394
31	90	1856
31	91	3335
31	92	2269
31	93	179
31	94	3734
31	95	2168
31	96	230
31	97	527
31	98	2317
31	99	3260
32	0	2057
32	1	2143
32	2	1175
32	3	1441
32	4	1437
32	5	1035
32	6	1282
32	7	1593
32	8	1294
32	9	1289
32	10	2157
32	11	1088
32	12	1968
32	13	97
32	14	1199
32	15	893
32	16	2380
32	17	821
32	18	1955
32	19	1020
32	20	1276
32	21	2350
32	22	1853
32	23	1749
32	24	985
32	25	1592
32	26	1774
32	27	1258
32	28	2140
32	29	2254
32	30	404
32	31	2538
32	32	0
32	33	1799
32	34	2102
32	35	1729
32	36	1952
32	37	1753
32	38	1373
32	39	1059
32	40	1592
32	41	2016
32	42	1242
32	43	1499
32	44	165
32	45	1307
32	46	1093
32	47	2161
32	48	2621
32	49	2054
32	50	2050
32	51	1543
32	52	1488
32	53	1131
32	54	1500
32	55	1509
32	56	590
32	57	2168
32	58	968
32	59	1612
32	60	1227
32	61	1829
32	62	1018
32	63	991
32	64	268
32	65	1671
32	66	1604
32	67	76
32	68	1008
32	69	2488
32	70	1467
32	71	739
32	72	1463
32	73	1392
32	74	1579
32	75	752
32	76	1112
32	77	390
32	78	1937
32	79	623
32	80	1758
32	81	619
32	82	1089
32	83	1466
32	84	821
32	85	526
32	86	1602
32	87	1832
32	88	2288
32	89	2348
32	90	1145
32	91	1847
32	92	1615
32	93	2397
32	94	1592
32	95	580
32	96	2694
32	97	2671
32	98	350
32	99	2145
33	0	360
33	1	2818
33	2	2024
33	3	1661
33	4	2212
33	5	2020
33	6	1155
33	7	325
33	8	2488
33	9	2618
33	10	459
33	11	2777
33	12	600
33	13	1756
33	14	929
33	15	1304
33	16	629
33	17	1969
33	18	2642
33	19	2311
33	20	2789
33	21	1099
33	22	544
33	23	482
33	24	2283
33	25	2788
33	26	427
33	27	2915
33	28	1470
33	29	2792
33	30	1533
33	31	739
33	32	1799
33	33	0
33	34	2518
33	35	1333
33	36	2558
33	37	171
33	38	1177
33	39	2001
33	40	688
33	41	729
33	42	1465
33	43	1806
33	44	1757
33	45	540
33	46	2687
33	47	2958
33	48	946
33	49	303
33	50	2640
33	51	310
33	52	2065
33	53	1229
33	54	2616
33	55	3016
33	56	1561
33	57	1284
33	58	1847
33	59	1997
33	60	902
33	61	2382
33	62	1189
33	63	1617
33	64	1553
33	65	249
33	66	1307
33	67	1761
33	68	853
33	69	878
33	70	1477
33	71	1458
33	72	1057
33	73	900
33	74	1340
33	75	1139
33	76	1391
33	77	1472
33	78	650
33	79	1227
33	80	50
33	81	2128
33	82	2021
33	83	667
33	84	1791
33	85	1457
33	86	2792
33	87	550
33	88	653
33	89	616
33	90	1228
33	91	2753
33	92	1762
33	93	604
33	94	3052
33	95	1452
33	96	905
33	97	967
33	98	1583
33	99	2754
34	0	2460
34	1	403
34	2	930
34	3	886
34	4	686
34	5	1080
34	6	2955
34	7	2604
34	8	1096
34	9	1280
34	10	2969
34	11	1957
34	12	2112
34	13	2010
34	14	1661
34	15	1484
34	16	3084
34	17	1299
34	18	362
34	19	1278
34	20	1599
34	21	3576
34	22	2967
34	23	2075
34	24	1297
34	25	1088
34	26	2137
34	27	1925
34	28	3724
34	29	283
34	30	2351
34	31	2993
34	32	2102
34	33	2518
34	34	0
34	35	3393
34	36	257
34	37	2624
34	38	1352
34	39	1050
34	40	1836
34	41	3180
34	42	1128
34	43	748
34	44	2250
34	45	2443
34	46	1728
34	47	604
34	48	3427
34	49	2533
34	50	236
34	51	2518
34	52	620
34	53	1390
34	54	966
34	55	1653
34	56	2567
34	57	3627
34	58	1136
34	59	562
34	60	2728
34	61	283
34	62	1497
34	63	1188
34	64	1976
34	65	2617
34	66	3291
34	67	2031
34	68	1934
34	69	3388
34	70	1047
34	71	2650
34	72	1461
34	73	2881
34	74	3291
34	75	2378
34	76	1257
34	77	2263
34	78	2036
34	79	2283
34	80	2473
34	81	1627
34	82	1021
34	83	1855
34	84	1284
34	85	1714
34	86	1080
34	87	2057
34	88	3168
34	89	3091
34	90	1383
34	91	669
34	92	758
34	93	2969
34	94	1579
34	95	1658
34	96	3222
34	97	3427
34	98	2331
34	99	303
35	0	1681
35	1	3583
35	2	2614
35	3	2518
35	4	2870
35	5	2530
35	6	463
35	7	1030
35	8	2924
35	9	2970
35	10	1267
35	11	2803
35	12	1913
35	13	1759
35	14	1779
35	15	1915
35	16	1461
35	17	2372
35	18	3389
35	19	2668
35	20	3001
35	21	875
35	22	854
35	23	1736
35	24	2633
35	25	3241
35	26	1700
35	27	2979
35	28	415
35	29	3626
35	30	1325
35	31	1785
35	32	1729
35	33	1333
35	34	3393
35	35	0
35	36	3340
35	37	1164
35	38	2116
35	39	2533
35	40	1829
35	41	806
35	42	2268
35	43	2648
35	44	1586
35	45	1021
35	46	2822
35	47	3665
35	48	1473
35	49	1603
35	50	3437
35	51	1090
35	52	2810
35	53	2012
35	54	3112
35	55	3236
35	56	1161
35	57	516
35	58	2384
35	59	2831
35	60	665
35	61	3176
35	62	1897
35	63	2238
35	64	1637
35	65	1089
35	66	125
35	67	1748
35	68	1468
35	69	1303
35	70	2398
35	71	1000
35	72	2069
35	73	526
35	74	159
35	75	1070
35	76	2135
35	77	1355
35	78	1949
35	79	1197
35	80	1341
35	81	2316
35	82	2563
35	83	1727
35	84	2260
35	85	1781
35	86	3249
35	87	1829
35	88	1233
35	89	1406
35	90	2020
35	91	3386
35	92	2675
35	93	1606
35	94	3314
35	95	1821
35	96	1792
35	97	1553
35	98	1380
35	99	3549
36	0	2535
36	1	260
36	2	780
36	3	897
36	4	515
36	5	917
36	6	2892
36	7	2613
36	8	859
36	9	1035
36	10	3015
36	11	1719
36	12	2200
36	13	1863
36	14	1663
36	15	1427
36	16	3146
36	17	1133
36	18	118
36	19	1064
36	20	1351
36	21	3586
36	22	2977
36	23	2139
36	24	1086
36	25	831
36	26	2200
36	27	1678
36	28	3689
36	29	303
36	30	2232
36	31	3081
36	32	1952
36	33	2558
36	34	257
36	35	3340
36	36	0
36	37	2650
36	38	1381
36	39	893
36	40	1891
36	41	3189
36	42	1114
36	43	752
36	44	2106
36	45	2428
36	46	1489
36	47	424
36	48	3486
36	49	2603
36	50	100
36	51	2527
36	52	531
36	53	1373
36	54	715
36	55	1397
36	56	2450
36	57	3608
36	58	1005
36	59	561
36	60	2681
36	61	176
36	62	1465
36	63	1105
36	64	1852
36	65	2633
36	66	3234
36	67	1884
36	68	1905
36	69	3435
36	70	1084
36	71	2545
36	72	1507
36	73	2840
36	74	3230
36	75	2299
36	76	1225
36	77	2149
36	78	2126
36	79	2195
36	80	2511
36	81	1436
36	82	863
36	83	1891
36	84	1151
36	85	1609
36	86	823
36	87	2132
36	88	3211
36	89	3149
36	90	1369
36	91	415
36	92	812
36	93	3043
36	94	1322
36	95	1557
36	96	3308
36	97	3491
36	98	2206
36	99	209
37	0	521
37	1	2910
37	2	2080
37	3	1754
37	4	2282
37	5	2063
37	6	1005
37	7	185
37	8	2528
37	9	2648
37	10	418
37	11	2764
37	12	768
37	13	1718
37	14	997
37	15	1343
37	16	629
37	17	1995
37	18	2730
37	19	2336
37	20	2801
37	21	962
37	22	382
37	23	633
37	24	2307
37	25	2834
37	26	582
37	27	2909
37	28	1302
37	29	2894
37	30	1458
37	31	812
37	32	1753
37	33	171
37	34	2624
37	35	1164
37	36	2650
37	37	0
37	38	1274
37	39	2047
37	40	814
37	41	579
37	42	1544
37	43	1899
37	44	1696
37	45	453
37	46	2687
37	47	3042
37	48	908
37	49	452
37	50	2736
37	51	211
37	52	2146
37	53	1297
37	54	2666
37	55	3032
37	56	1465
37	57	1121
37	58	1890
37	59	2092
37	60	765
37	61	2474
37	62	1241
37	63	1669
37	64	1518
37	65	97
37	66	1141
37	67	1721
37	68	863
37	69	812
37	70	1578
37	71	1350
37	72	1166
37	73	745
37	74	1175
37	75	1056
37	76	1458
37	77	1406
37	78	816
37	79	1157
37	80	189
37	81	2126
37	82	2069
37	83	770
37	84	1822
37	85	1454
37	86	2839
37	87	709
37	88	588
37	89	602
37	90	1298
37	91	2825
37	92	1866
37	93	653
37	94	3073
37	95	1457
37	96	944
37	97	943
37	98	1511
37	99	2849
38	0	1183
38	1	1641
38	2	933
38	3	484
38	4	1069
38	5	984
38	6	1718
38	7	1255
38	8	1436
38	9	1605
38	10	1634
38	11	1977
38	12	891
38	13	1283
38	14	337
38	15	482
38	16	1772
38	17	1032
38	18	1467
38	19	1336
38	20	1851
38	21	2224
38	22	1617
38	23	776
38	24	1318
38	25	1701
38	26	836
38	27	2067
38	28	2411
38	29	1619
38	30	1395
38	31	1742
38	32	1373
38	33	1177
38	34	1352
38	35	2116
38	36	1381
38	37	1274
38	38	0
38	39	953
38	40	523
38	41	1829
38	42	324
38	43	629
38	44	1447
38	45	1117
38	46	1817
38	47	1783
38	48	2109
38	49	1241
38	50	1464
38	51	1169
38	52	899
38	53	244
38	54	1520
38	55	2048
38	56	1569
38	57	2294
38	58	827
38	59	820
38	60	1458
38	61	1205
38	62	358
38	63	593
