100
0	0	0
0	1	1693
0	2	2252
0	3	1104
0	4	2523
0	5	397
0	6	1447
0	7	425
0	8	1424
0	9	749
0	10	902
0	11	1547
0	12	2554
0	13	2378
0	14	1015
0	15	1259
0	16	1018
0	17	1167
0	18	814
0	19	1405
0	20	885
0	21	1330
0	22	882
0	23	1206
0	24	1194
0	25	1511
0	26	1572
0	27	416
0	28	2081
0	29	2145
0	30	887
0	31	790
0	32	2641
0	33	1804
0	34	1576
0	35	1173
0	36	2518
0	37	1225
0	38	2102
0	39	1358
0	40	2698
0	41	661
0	42	2251
0	43	1668
0	44	923
0	45	2115
0	46	429
0	47	2523
0	48	442
0	49	1707
0	50	1129
0	51	2474
0	52	1010
0	53	1394
0	54	1708
0	55	795
0	56	1360
0	57	718
0	58	1031
0	59	1152
0	60	1043
0	61	1260
0	62	288
0	63	1366
0	64	1250
0	65	1286
0	66	593
0	67	1618
0	68	1241
0	69	1387
0	70	2635
0	71	802
0	72	1531
0	73	942
0	74	628
0	75	2649
0	76	1048
0	77	2442
0	78	1008
0	79	863
0	80	1220
0	81	2186
0	82	1716
0	83	888
0	84	1734
0	85	1508
0	86	1255
0	87	1219
0	88	806
0	89	644
0	90	753
0	91	303
0	92	413
0	93	1359
0	94	2431
0	95	2377
0	96	815
0	97	783
0	98	1468
0	99	2643
1	0	1693
1	1	0
1	2	1708
1	3	2403
1	4	1186
1	5	2057
1	6	1392
1	7	1620
1	8	1343
1	9	2442
1	10	2359
1	11	1606
1	12	970
1	13	1662
1	14	2446
1	15	2831
1	16	2455
1	17	2837
1	18	2310
1	19	1603
1	20	2502
1	21	2897
1	22	1921
1	23	2895
1	24	893
1	25	2671
1	26	1737
1	27	1363
1	28	1501
1	29	1191
1	30	1592
1	31	2166
1	32	1069
1	33	1451
1	34	1893
1	35	2858
1	36	1143
1	37	2917
1	38	961
1	39	337
1	40	1984
1	41	1536
1	42	1835
1	43	257
1	44	2124
1	45	1636
1	46	1933
1	47	1596
1	48	2094
1	49	416
1	50	1147
1	51	1302
1	52	2577
1	53	331
1	54	1529
1	55	1903
1	56	1400
1	57	1161
1	58	2626
1	59	1851
1	60	1006
1	61	1803
1	62	1979
1	63	332
1	64	2527
1	65	2618
1	66	1103
1	67	711
1	68	573
1	69	2887
1	70	1902
1	71	2459
1	72	462
1	73	2544
1	74	2076
1	75	1045
1	76	1664
1	77	1262
1	78	2647
1	79	1670
1	80	843
1	81	570
1	82	1513
1	83	2581
1	84	832
1	85	1752
1	86	1219
1	87	2806
1	88	1420
1	89	2302
1	90	1978
1	91	1769
1	92	1400
1	93	2963
1	94	794
1	95	1201
1	96	2093
1	97	1911
1	98	3156
1	99	1831
2	0	2252
2	1	1708
2	2	0
2	3	3333
2	4	1074
2	5	2623
2	6	811
2	7	2502
2	8	829
2	9	2794
2	10	2265
2	11	782
2	12	1533
2	13	221
2	14	2280
2	15	3482
2	16	2293
2	17	3286
2	18	3066
2	19	934
2	20	2582
2	21	3552
2	22	1703
2	23	3246
2	24	1184
2	25	3717
2	26	846
2	27	1856
2	28	214
2	29	592
2	30	2770
2	31	2087
2	32	1533
2	33	448
2	34	983
2	35	3047
2	36	1133
2	37	3216
2	38	851
2	39	1731
2	40	451
2	41	2592
2	42	171
2	43	1452
2	44	1896
2	45	139
2	46	2139
2	47	507
2	48	2670
2	49	1293
2	50	1138
2	51	823
2	52	3246
2	53	1828
2	54	567
2	55	2917
2	56	903
2	57	1572
2	58	2626
2	59	1378
2	60	1275
2	61	1228
2	62	2474
2	63	1651
2	64	3480
2	65	3529
2	66	1872
2	67	1021
2	68	1424
2	69	3631
2	70	401
2	71	2640
2	72	1287
2	73	2583
2	74	2870
2	75	1615
2	76	1333
2	77	833
2	78	3193
2	79	2812
2	80	1193
2	81	1531
2	82	553
2	83	2913
2	84	881
2	85	927
2	86	1001
2	87	3435
2	88	2587
2	89	2842
2	90	1885
2	91	2515
2	92	1846
2	93	3554
2	94	1633
2	95	826
2	96	3018
2	97	1786
2	98	3315
2	99	454
3	0	1104
3	1	2403
3	2	3333
3	3	0
3	4	3447
3	5	822
3	6	2538
3	7	851
3	8	2512
3	9	1030
3	10	1695
3	11	2649
3	12	3362
3	13	3442
3	14	1794
3	15	625
3	16	1789
3	17	929
3	18	372
3	19	2508
3	20	1445
3	21	661
3	22	1928
3	23	1101
3	24	2204
3	25	417
3	26	2675
3	27	1478
3	28	3150
3	29	3152
3	30	844
3	31	1697
3	32	3459
3	33	2887
3	34	2674
3	35	1336
3	36	3428
3	37	1190
3	38	3061
3	39	2087
3	40	3771
3	41	868
3	42	3343
3	43	2479
3	44	1895
3	45	3198
3	46	1395
3	47	3556
3	48	785
3	49	2569
3	50	2196
3	51	3448
3	52	498
3	53	2072
3	54	2802
3	55	500
3	56	2454
3	57	1763
3	58	1573
3	59	2235
3	60	2076
3	61	2353
3	62	974
3	63	2131
3	64	147
3	65	216
3	66	1502
3	67	2575
3	68	2133
3	69	554
3	70	3704
3	71	1293
3	72	2416
3	73	1508
3	74	477
3	75	3444
3	76	2148
3	77	3412
3	78	718
3	79	758
3	80	2216
3	81	2965
3	82	2808
3	83	1061
3	84	2713
3	85	2611
3	86	2332
3	87	644
3	88	992
3	89	747
3	90	1760
3	91	819
3	92	1491
3	93	785
3	94	3196
3	95	3344
3	96	324
3	97	1821
3	98	1499
3	99	3701
4	0	2523
4	1	1186
4	2	1074
4	3	3447
4	4	0
4	5	2919
4	6	1424
4	7	2606
4	8	1400
4	9	3218
4	10	2883
4	11	1553
4	12	502
4	13	891
4	14	2934
4	15	3770
4	16	2947
4	17	3681
4	18	3277
4	19	1656
4	20	3135
4	21	3840
4	22	2329
4	23	3692
4	24	1344
4	25	3765
4	26	1676
4	27	2114
4	28	973
4	29	553
4	30	2701
4	31	2683
4	32	475
4	33	1178
4	34	1851
4	35	3569
4	36	69
4	37	3689
4	38	437
4	39	1413
4	40	1079
4	41	2594
4	42	1245
4	43	1007
4	44	2548
4	45	1107
4	46	2592
4	47	652
4	48	2964
4	49	887
4	50	1498
4	51	259
4	52	3516
4	53	1468
4	54	1343
4	55	2962
4	56	1500
4	57	1818
4	58	3222
4	59	2088
4	60	1506
4	61	1965
4	62	2800
4	63	1350
4	64	3584
4	65	3661
4	66	1971
4	67	906
4	68	1317
4	69	3869
4	70	1007
4	71	3145
4	72	1031
4	73	3157
4	74	3049
4	75	564
4	76	1958
4	77	242
4	78	3531
4	79	2768
4	80	1310
4	81	704
4	82	1319
4	83	3355
4	84	805
4	85	1738
4	86	1442
4	87	3735
4	88	2516
4	89	3166
4	90	2468
4	91	2701
4	92	2129
4	93	3879
4	94	671
4	95	253
4	96	3124
4	97	2374
4	98	3863
4	99	894
5	0	397
5	1	2057
5	2	2623
5	3	822
5	4	2919
5	5	0
5	6	1812
5	7	534
5	8	1794
5	9	436
5	10	907
5	11	1892
5	12	2941
5	13	2758
5	14	1015
5	15	867
5	16	1012
5	17	782
5	18	474
5	19	1744
5	20	737
5	21	937
5	22	1111
5	23	843
5	24	1590
5	25	1239
5	26	1900
5	27	811
5	28	2458
5	29	2539
5	30	944
5	31	881
5	32	3029
5	33	2175
5	34	1880
5	35	877
5	36	2914
5	37	878
5	38	2499
5	39	1720
5	40	3071
5	41	764
5	42	2610
5	43	2051
5	44	1074
5	45	2484
5	46	574
5	47	2911
5	48	47
5	49	2096
5	50	1514
5	51	2870
5	52	624
5	53	1745
5	54	2068
5	55	698
5	56	1722
5	57	1113
5	58	886
5	59	1429
5	60	1438
5	61	1556
5	62	157
5	63	1736
5	64	960
5	65	970
5	66	974
5	67	2014
5	68	1631
5	69	1008
5	70	3011
5	71	604
5	72	1923
5	73	803
5	74	374
5	75	3034
5	76	1361
5	77	2839
5	78	612
5	79	886
5	80	1616
5	81	2567
5	82	2078
5	83	561
5	84	2131
5	85	1830
5	86	1634
5	87	825
5	88	943
5	89	249
5	90	939
5	91	329
5	92	804
5	93	962
5	94	2811
5	95	2773
5	96	610
5	97	1003
5	98	1154
5	99	3025
6	0	1447
6	1	1392
6	2	811
6	3	2538
6	4	1424
6	5	1812
6	6	0
6	7	1725
6	8	50
6	9	1989
6	10	1511
6	11	216
6	12	1709
6	13	963
6	14	1545
6	15	2671
6	16	1558
6	17	2481
6	18	2260
6	19	242
6	20	1806
6	21	2740
6	22	942
6	23	2448
6	24	556
6	25	2931
6	26	346
6	27	1062
6	28	663
6	29	895
6	30	2041
6	31	1320
6	32	1756
6	33	367
6	34	509
6	35	2266
6	36	1454
6	37	2423
6	38	1006
6	39	1259
6	40	1261
6	41	1844
6	42	805
6	43	1165
6	44	1154
6	45	672
6	46	1333
6	47	1165
6	48	1859
6	49	1052
6	50	383
6	51	1263
6	52	2435
6	53	1362
6	54	264
6	55	2145
6	56	93
6	57	800
6	58	1867
6	59	666
6	60	562
6	61	542
6	62	1663
6	63	1187
6	64	2686
6	65	2730
6	66	1131
6	67	741
6	68	895
6	69	2820
6	70	1205
6	71	1851
6	72	935
6	73	1814
6	74	2070
6	75	1811
6	76	560
6	77	1246
6	78	2383
6	79	2071
6	80	594
6	81	1509
6	82	270
6	83	2112
6	84	714
6	85	369
6	86	238
6	87	2624
6	88	1867
6	89	2031
6	90	1109
6	91	1719
6	92	1047
6	93	2744
6	94	1707
6	95	1196
6	96	2230
6	97	1010
6	98	2544
6	99	1231
7	0	425
7	1	1620
7	2	2502
7	3	851
7	4	2606
7	5	534
7	6	1725
7	7	0
7	8	1693
7	9	970
7	10	1307
7	11	1859
7	12	2554
7	13	2600
7	14	1421
7	15	1211
7	16	1422
7	17	1257
7	18	691
7	19	1729
7	20	1228
7	21	1277
7	22	1295
7	23	1351
7	24	1355
7	25	1216
7	26	1905
7	27	671
7	28	2313
7	29	2302
7	30	465
7	31	1211
7	32	2648
7	33	2060
7	34	1934
7	35	1410
7	36	2590
7	37	1397
7	38	2213
7	39	1289
7	40	2934
7	41	248
7	42	2524
7	43	1661
7	44	1347
7	45	2369
7	46	850
7	47	2707
7	48	553
7	49	1737
7	50	1365
7	51	2599
7	52	958
7	53	1293
7	54	1989
7	55	421
7	56	1647
7	57	930
7	58	1379
7	59	1539
7	60	1233
7	61	1631
7	62	554
7	63	1321
7	64	994
7	65	1061
7	66	651
7	67	1726
7	68	1289
7	69	1276
7	70	2865
7	71	1114
7	72	1577
7	73	1291
7	74	457
7	75	2641
7	76	1412
7	77	2563
7	78	1048
7	79	439
7	80	1366
7	81	2164
7	82	1993
7	83	1092
7	84	1862
7	85	1850
7	86	1506
7	87	1188
7	88	416
7	89	739
7	90	1176
7	91	206
7	92	697
7	93	1346
7	94	2403
7	95	2496
7	96	527
7	97	1200
7	98	1684
7	99	2857
8	0	1424
8	1	1343
8	2	829
8	3	2512
8	4	1400
8	5	1794
8	6	50
8	7	1693
8	8	0
8	9	1981
8	10	1519
8	11	266
8	12	1674
8	13	972
8	14	1556
8	15	2655
8	16	1569
8	17	2471
8	18	2238
8	19	281
8	20	1808
8	21	2724
8	22	951
8	23	2442
8	24	506
8	25	2902
8	26	395
8	27	1034
8	28	671
8	29	878
8	30	2003
8	31	1325
8	32	1723
8	33	381
8	34	556
8	35	2266
8	36	1428
8	37	2419
8	38	977
8	39	1209
8	40	1277
8	41	1808
8	42	832
8	43	1117
8	44	1165
8	45	691
8	46	1325
8	47	1164
8	48	1841
8	49	1006
8	50	342
8	51	1247
8	52	2417
8	53	1312
8	54	298
8	55	2113
8	56	100
8	57	766
8	58	1872
8	59	688
8	60	517
8	61	570
8	62	1645
8	63	1137
8	64	2659
8	65	2705
8	66	1092
8	67	697
8	68	845
8	69	2801
8	70	1219
8	71	1848
8	72	886
8	73	1818
8	74	2045
8	75	1776
8	76	570
8	77	1228
8	78	2369
8	79	2035
8	80	544
8	81	1467
8	82	300
8	83	2106
8	84	676
8	85	415
8	86	195
8	87	2609
8	88	1828
8	89	2016
8	90	1113
8	91	1693
8	92	1021
8	93	2731
8	94	1668
8	95	1176
8	96	2201
8	97	1014
8	98	2546
8	99	1240
9	0	749
9	1	2442
9	2	2794
9	3	1030
9	4	3218
9	5	436
9	6	1989
9	7	970
9	8	1981
9	9	0
9	10	721
9	11	2025
9	12	3287
9	13	2952
9	14	802
9	15	770
9	16	795
9	17	493
9	18	664
9	19	1871
9	20	420
9	21	830
9	22	1137
9	23	474
9	24	1875
9	25	1416
9	26	2003
9	27	1118
9	28	2652
9	29	2793
9	30	1366
9	31	796
9	32	3371
9	33	2356
9	34	1945
9	35	441
9	36	3220
9	37	478
9	38	2787
9	39	2107
9	40	3244
9	41	1198
9	42	2756
9	43	2410
9	44	1017
9	45	2654
9	46	656
9	47	3136
9	48	421
9	49	2437
9	50	1750
9	51	3142
9	52	617
9	53	2142
9	54	2227
9	55	1079
9	56	1896
9	57	1402
9	58	543
9	59	1481
9	60	1713
9	61	1626
9	62	465
9	63	2114
9	64	1137
9	65	1102
9	66	1341
9	67	2315
9	68	1973
9	69	970
9	70	3192
9	71	270
9	72	2259
9	73	481
9	74	712
9	75	3384
9	76	1470
9	77	3113
9	78	454
9	79	1302
9	80	1909
9	81	2927
9	82	2241
9	83	140
9	84	2415
9	85	1926
9	86	1848
9	87	713
9	88	1377
9	89	300
9	90	945
9	91	765
9	92	1096
9	93	792
9	94	3173
9	95	3050
9	96	934
9	97	1036
9	98	726
9	99	3220
10	0	902
10	1	2359
10	2	2265
10	3	1695
10	4	2883
10	5	907
10	6	1511
10	7	1307
10	8	1519
10	9	721
10	10	0
10	11	1483
10	12	3056
10	13	2450
10	14	113
10	15	1488
10	16	115
10	17	1161
10	18	1324
10	19	1334
10	20	349
10	21	1545
10	22	569
10	23	1060
10	24	1592
10	25	2102
10	26	1427
10	27	1026
10	28	2159
10	29	2391
10	30	1771
10	31	202
10	32	3127
10	33	1859
10	34	1329
10	35	804
10	36	2900
10	37	1005
10	38	2447
10	39	2053
10	40	2705
10	41	1554
10	42	2196
10	43	2253
10	44	370
10	45	2130
10	46	485
10	47	2673
10	48	931
10	49	2232
10	50	1392
10	51	2757
10	52	1334
10	53	2118
10	54	1707
10	55	1592
10	56	1422
10	57	1200
10	58	361
10	59	888
10	60	1432
10	61	1039
10	62	792
10	63	2032
10	64	1819
10	65	1801
10	66	1325
10	67	2027
10	68	1808
10	69	1691
10	70	2665
10	71	467
10	72	2055
10	73	329
10	74	1280
10	75	3158
10	76	951
10	77	2735
10	78	1173
10	79	1734
10	80	1638
10	81	2746
10	82	1725
10	83	781
10	84	2089
10	85	1346
10	86	1442
10	87	1430
10	88	1707
10	89	954
10	90	415
10	91	1128
10	92	982
10	93	1491
10	94	2985
10	95	2679
10	96	1516
10	97	510
10	98	1053
10	99	2713
11	0	1547
11	1	1606
11	2	782
11	3	2649
11	4	1553
11	5	1892
11	6	216
11	7	1859
11	8	266
11	9	2025
11	10	1483
11	11	0
11	12	1876
11	13	969
11	14	1501
11	15	2736
11	16	1514
11	17	2518
11	18	2352
11	19	154
11	20	1800
11	21	2804
11	22	921
11	23	2470
11	24	768
11	25	3050
11	26	136
11	27	1188
11	28	686
11	29	1005
11	30	2201
11	31	1304
11	32	1916
11	33	395
11	34	312
11	35	2265
11	36	1589
11	37	2437
11	38	1155
11	39	1474
11	40	1228
11	41	1996
11	42	731
11	43	1377
11	44	1115
11	45	647
11	46	1375
11	47	1207
11	48	1938
11	49	1259
11	50	571
11	51	1367
11	52	2509
11	53	1577
11	54	230
11	55	2279
11	56	241
11	57	955
11	58	1844
11	59	599
11	60	756
11	61	452
11	62	1738
11	63	1403
11	64	2796
11	65	2833
11	66	1296
11	67	943
11	68	1110
11	69	2896
11	70	1183
11	71	1861
11	72	1148
11	73	1800
11	74	2175
11	75	1976
11	76	556
11	77	1355
11	78	2438
11	79	2226
11	80	807
11	81	1700
11	82	251
11	83	2140
11	84	900
11	85	186
11	86	436
11	87	2686
11	88	2033
11	89	2097
11	90	1104
11	91	1833
11	92	1166
11	93	2798
11	94	1890
11	95	1312
11	96	2349
11	97	1006
11	98	2532
11	99	1230
12	0	2554
12	1	970
12	2	1533
12	3	3362
12	4	502
12	5	2941
12	6	1709
12	7	2554
12	8	1674
12	9	3287
12	10	3056
12	11	1876
12	12	0
12	13	1370
12	14	3122
12	15	3756
12	16	3134
12	17	3720
12	18	3243
12	19	1951
12	20	3268
12	21	3824
12	22	2532
12	23	3755
12	24	1464
12	25	3640
12	26	2009
12	27	2170
12	28	1397
12	29	957
12	30	2561
12	31	2854
12	32	101
12	33	1543
12	34	2187
12	35	3673
12	36	433
12	37	3765
12	38	733
12	39	1275
12	40	1580
12	41	2494
12	42	1701
12	43	895
12	44	2752
12	45	1542
12	46	2703
12	47	1151
12	48	2982
12	49	850
12	50	1675
12	51	755
12	52	3501
12	53	1296
12	54	1694
12	55	2864
12	56	1768
12	57	1900
12	58	3372
12	59	2343
12	60	1626
12	61	2240
12	62	2841
12	63	1234
12	64	3489
12	65	3578
12	66	1967
12	67	1033
12	68	1314
12	69	3829
12	70	1507
12	71	3255
12	72	1028
12	73	3298
12	74	3010
12	75	103
12	76	2187
12	77	730
12	78	3548
12	79	2638
12	80	1419
12	81	400
12	82	1671
12	83	3427
12	84	1003
12	85	2060
12	86	1661
12	87	3728
12	88	2386
12	89	3190
12	90	2644
12	91	2682
12	92	2195
12	93	3880
12	94	216
12	95	715
12	96	3047
12	97	2558
12	98	3972
12	99	1396
13	0	2378
13	1	1662
13	2	221
13	3	3442
13	4	891
13	5	2758
13	6	963
13	7	2600
13	8	972
13	9	2952
13	10	2450
13	11	969
13	12	1370
13	13	0
13	14	2471
13	15	3623
13	16	2484
13	17	3443
13	18	3190
13	19	1116
13	20	2760
13	21	3692
13	22	1884
13	23	3411
13	24	1255
13	25	3816
13	26	1047
13	27	1972
13	28	301
13	29	482
13	30	2839
13	31	2267
13	32	1361
13	33	598
13	34	1193
13	35	3223
13	36	955
13	37	3385
13	38	741
13	39	1727
13	40	344
13	41	2672
13	42	379
13	43	1410
13	44	2083
13	45	330
13	46	2296
13	47	288
13	48	2805
13	49	1248
13	50	1251
13	51	634
13	52	3382
13	53	1819
13	54	743
13	55	3009
13	56	1056
13	57	1679
13	58	2810
13	59	1568
13	60	1367
13	61	1420
13	62	2613
13	63	1648
13	64	3588
13	65	3643
13	66	1958
13	67	1014
13	68	1451
13	69	3763
13	70	268
13	71	2811
13	72	1274
13	73	2764
13	74	2987
13	75	1446
13	76	1507
13	77	649
13	78	3340
13	79	2886
13	80	1255
13	81	1415
13	82	726
13	83	3076
13	84	863
13	85	1126
13	86	1124
13	87	3577
13	88	2653
13	89	2985
13	90	2061
13	91	2629
13	92	1967
13	93	3701
13	94	1491
13	95	655
13	96	3123
13	97	1962
13	98	3496
13	99	268
14	0	1015
14	1	2446
14	2	2280
14	3	1794
14	4	2934
14	5	1015
14	6	1545
14	7	1421
14	8	1556
14	9	802
14	10	113
14	11	1501
14	12	3122
14	13	2471
14	14	0
14	15	1561
14	16	13
14	17	1219
14	18	1422
14	19	1356
14	20	402
14	21	1615
14	22	607
14	23	1106
14	24	1661
14	25	2198
14	26	1436
14	27	1125
14	28	2183
14	29	2432
14	30	1884
14	31	280
14	32	3191
14	33	1885
14	34	1326
14	35	831
14	36	2953
14	37	1043
14	38	2499
14	39	2144
14	40	2716
14	41	1667
14	42	2203
14	43	2332
14	44	391
14	45	2147
14	46	595
14	47	2701
14	48	1037
14	49	2305
14	50	1451
14	51	2800
14	52	1419
14	53	2212
14	54	1728
14	55	1703
14	56	1458
14	57	1285
14	58	370
14	59	903
14	60	1503
14	61	1052
14	62	903
14	63	2121
14	64	1915
14	65	1893
14	66	1425
14	67	2091
14	68	1889
14	69	1767
14	70	2678
14	71	538
14	72	2130
14	73	365
14	74	1386
14	75	3225
14	76	986
14	77	2779
14	78	1249
14	79	1846
14	80	1708
14	81	2820
14	82	1747
14	83	848
14	84	2146
14	85	1355
14	86	1492
14	87	1503
14	88	1820
14	89	1049
14	90	479
14	91	1240
14	92	1081
14	93	1555
14	94	3057
14	95	2725
14	96	1623
14	97	565
14	98	1058
14	99	2731
15	0	1259
15	1	2831
15	2	3482
15	3	625
15	4	3770
15	5	867
15	6	2671
15	7	1211
15	8	2655
15	9	770
15	10	1488
15	11	2736
15	12	3756
15	13	3623
15	14	1561
15	15	0
15	16	1552
15	17	399
15	18	523
15	19	2585
15	20	1162
15	21	70
15	22	1886
15	23	578
15	24	2452
15	25	840
15	26	2730
15	27	1675
15	28	3322
15	29	3404
15	30	1388
15	31	1563
15	32	3849
15	33	3036
15	34	2688
15	35	877
15	36	3761
15	37	674
15	38	3356
15	39	2499
15	40	3932
15	41	1334
15	42	3462
15	43	2862
15	44	1784
15	45	3343
15	46	1367
15	47	3779
15	48	820
15	49	2925
15	50	2381
15	51	3731
15	52	256
15	53	2504
15	54	2923
15	55	1021
15	56	2580
15	57	1978
15	58	1248
15	59	2226
15	60	2303
15	61	2365
15	62	1010
15	63	2528
15	64	631
15	65	534
15	66	1803
15	67	2869
15	68	2464
15	69	215
15	70	3874
15	71	1023
15	72	2757
15	73	1211
15	74	756
15	75	3846
15	76	2190
15	77	3699
15	78	316
15	79	1301
15	80	2476
15	81	3371
15	82	2934
15	83	715
15	84	2990
15	85	2657
15	86	2499
15	87	58
15	88	1495
15	89	640
15	90	1697
15	91	1075
15	92	1670
15	93	161
15	94	3611
15	95	3633
15	96	805
15	97	1781
15	98	951
15	99	3890
16	0	1018
16	1	2455
16	2	2293
16	3	1789
16	4	2947
16	5	1012
16	6	1558
16	7	1422
16	8	1569
16	9	795
16	10	115
16	11	1514
16	12	3134
16	13	2484
16	14	13
16	15	1552
16	16	0
16	17	1209
16	18	1417
16	19	1369
16	20	393
16	21	1606
16	22	619
16	23	1095
16	24	1672
16	25	2193
16	26	1449
16	27	1133
16	28	2196
16	29	2445
16	30	1885
16	31	289
16	32	3202
16	33	1898
16	34	1339
16	35	819
16	36	2965
16	37	1031
16	38	2511
16	39	2153
16	40	2729
16	41	1668
16	42	2216
16	43	2342
16	44	404
16	45	2160
16	46	599
16	47	2714
16	48	1034
16	49	2316
16	50	1463
16	51	2813
16	52	1412
16	53	2221
16	54	1741
16	55	1701
16	56	1470
16	57	1295
16	58	358
16	59	916
16	60	1514
16	61	1065
16	62	902
16	63	2130
16	64	1910
16	65	1887
16	66	1432
16	67	2102
16	68	1899
16	69	1759
16	70	2691
16	71	530
16	72	2140
16	73	354
16	74	1384
16	75	3236
16	76	999
16	77	2792
16	78	1241
16	79	1847
16	80	1719
16	81	2831
16	82	1760
16	83	839
16	84	2158
16	85	1368
16	86	1504
16	87	1494
16	88	1822
16	89	1044
16	90	490
16	91	1241
16	92	1088
16	93	1546
16	94	3068
16	95	2737
16	96	1620
16	97	577
16	98	1045
16	99	2744
17	0	1167
17	1	2837
17	2	3286
17	3	929
17	4	3681
17	5	782
17	6	2481
17	7	1257
17	8	2471
17	9	493
17	10	1161
17	11	2518
17	12	3720
17	13	3443
17	14	1219
17	15	399
17	16	1209
17	17	0
17	18	671
17	19	2365
17	20	818
17	21	432
17	22	1625
17	23	181
17	24	2341
17	25	1218
17	26	2496
17	27	1568
17	28	3143
17	29	3272
17	30	1549
17	31	1270
17	32	3808
17	33	2848
17	34	2433
17	35	479
17	36	3679
17	37	277
17	38	3254
17	39	2500
17	40	3737
17	41	1438
17	42	3249
17	43	2832
17	44	1491
17	45	3147
17	46	1148
17	47	3623
17	48	743
17	49	2874
17	50	2231
17	51	3616
17	52	433
17	53	2522
17	54	2720
17	55	1198
17	56	2388
17	57	1863
17	58	880
17	59	1970
17	60	2181
17	61	2116
17	62	883
17	63	2517
17	64	978
17	65	899
17	66	1754
17	67	2775
17	68	2408
17	69	612
17	70	3685
17	71	697
17	72	2699
17	73	857
17	74	854
17	75	3815
17	76	1963
17	77	3586
17	78	230
17	79	1469
17	80	2371
17	81	3349
17	82	2733
17	83	387
17	84	2883
17	85	2418
17	86	2334
17	87	346
17	88	1615
17	89	535
17	90	1433
17	91	1077
17	92	1552
17	93	342
17	94	3593
17	95	3522
17	96	997
17	97	1526
17	98	573
17	99	3712
18	0	814
18	1	2310
18	2	3066
18	3	372
18	4	3277
18	5	474
18	6	2260
18	7	691
18	8	2238
18	9	664
18	10	1324
18	11	2352
18	12	3243
18	13	3190
18	14	1422
18	15	523
18	16	1417
18	17	671
18	18	0
18	19	2206
18	20	1075
18	21	588
18	22	1584
18	23	819
18	24	1982
18	25	780
18	26	2366
18	27	1219
18	28	2893
18	29	2937
18	30	889
18	31	1332
18	32	3337
18	33	2618
18	34	2351
18	35	1008
18	36	3265
18	37	896
18	38	2872
18	39	1980
18	40	3511
18	41	813
18	42	3063
18	43	2349
18	44	1536
18	45	2928
18	46	1046
18	47	3326
18	48	432
18	49	2419
18	50	1939
18	51	3253
18	52	280
18	53	1982
18	54	2520
18	55	530
18	56	2172
18	57	1518
18	58	1206
18	59	1902
18	60	1841
18	61	2028
18	62	631
18	63	2012
18	64	497
18	65	497
18	66	1306
18	67	2383
18	68	1963
18	69	592
18	70	3448
18	71	924
18	72	2255
18	73	1138
18	74	234
18	75	3331
18	76	1830
18	77	3219
18	78	441
18	79	806
18	80	2001
18	81	2855
18	82	2528
18	83	711
18	84	2511
18	85	2298
18	86	2068
18	87	507
18	88	980
18	89	376
18	90	1409
18	91	577
18	92	1223
18	93	667
18	94	3094
18	95	3152
18	96	326
18	97	1476
18	98	1210
18	99	3454
19	0	1405
19	1	1603
19	2	934
19	3	2508
19	4	1656
19	5	1744
19	6	242
19	7	1729
19	8	281
19	9	1871
19	10	1334
19	11	154
19	12	1951
19	13	1116
19	14	1356
19	15	2585
19	16	1369
19	17	2365
19	18	2206
19	19	0
19	20	1648
19	21	2653
19	22	770
19	23	2316
19	24	730
19	25	2912
19	26	181
19	27	1058
19	28	827
19	29	1117
19	30	2086
19	31	1153
19	32	1997
19	33	530
19	34	293
19	35	2113
19	36	1688
19	37	2284
19	38	1244
19	39	1440
19	40	1381
19	41	1876
19	42	885
19	43	1387
19	44	967
19	45	798
19	46	1222
19	47	1346
19	48	1790
19	49	1282
19	50	502
19	51	1483
19	52	2359
19	53	1542
19	54	373
19	55	2149
19	56	204
19	57	844
19	58	1695
19	59	456
19	60	687
19	61	316
19	62	1589
19	63	1374
19	64	2655
19	65	2690
19	66	1188
19	67	977
19	68	1077
19	69	2746
19	70	1335
19	71	1708
19	72	1154
19	73	1649
19	74	2033
19	75	2052
19	76	402
19	77	1468
19	78	2286
19	79	2107
19	80	775
19	81	1748
19	82	391
19	83	1987
19	84	956
19	85	155
19	86	390
19	87	2535
19	88	1922
19	89	1946
19	90	951
19	91	1694
19	92	1033
19	93	2645
19	94	1949
19	95	1422
19	96	2211
19	97	853
19	98	2382
19	99	1379
20	0	885
20	1	2502
20	2	2582
20	3	1445
20	4	3135
20	5	737
20	6	1806
20	7	1228
20	8	1808
20	9	420
20	10	349
20	11	1800
20	12	3268
20	13	2760
20	14	402
20	15	1162
20	16	393
20	17	818
20	18	1075
20	19	1648
20	20	0
20	21	1215
20	22	879
20	23	711
20	24	1810
20	25	1836
20	26	1754
20	27	1139
20	28	2464
20	29	2665
20	30	1671
20	31	497
20	32	3344
20	33	2164
20	34	1667
20	35	466
20	36	3146
20	37	657
20	38	2698
20	39	2179
20	40	3027
20	41	1474
20	42	2522
20	43	2427
20	44	705
20	45	2446
20	46	571
20	47	2971
20	48	745
20	49	2427
20	50	1638
20	51	3027
20	52	1035
20	53	2232
20	54	2019
20	55	1432
20	56	1714
20	57	1372
20	58	151
20	59	1216
20	60	1646
20	61	1366
20	62	674
20	63	2170
20	64	1556
20	65	1523
20	66	1416
20	67	2254
20	68	1979
20	69	1371
20	70	2983
20	71	152
20	72	2247
20	73	66
20	74	1084
20	75	3368
20	76	1253
20	77	3003
20	78	853
20	79	1619
20	80	1852
20	81	2935
20	82	2035
20	83	448
20	84	2332
20	85	1674
20	86	1709
20	87	1104
20	88	1644
20	89	700
20	90	699
20	91	1027
20	92	1102
20	93	1153
20	94	3178
20	95	2944
20	96	1317
20	97	798
20	98	738
20	99	3025
21	0	1330
21	1	2897
21	2	3552
21	3	661
21	4	3840
21	5	937
21	6	2740
21	7	1277
21	8	2724
21	9	830
21	10	1545
21	11	2804
21	12	3824
21	13	3692
21	14	1615
21	15	70
21	16	1606
21	17	432
21	18	588
21	19	2653
21	20	1215
21	21	0
21	22	1951
21	23	605
21	24	2523
21	25	842
21	26	2798
21	27	1745
21	28	3392
21	29	3474
21	30	1443
21	31	1624
21	32	3917
21	33	3105
21	34	2754
21	35	911
21	36	3831
21	37	700
21	38	3426
21	39	2565
21	40	4001
21	41	1395
21	42	3531
21	43	2930
21	44	1845
21	45	3412
21	46	1434
21	47	3849
21	48	890
21	49	2994
21	50	2451
21	51	3802
21	52	325
21	53	2570
21	54	2991
21	55	1076
21	56	2649
21	57	2048
21	58	1296
21	59	2292
21	60	2373
21	61	2432
21	62	1080
21	63	2595
21	64	652
21	65	549
21	66	1872
21	67	2939
21	68	2533
21	69	186
21	70	3943
21	71	1079
21	72	2826
21	73	1262
21	74	821
21	75	3914
21	76	2257
21	77	3769
21	78	377
21	79	1356
21	80	2546
21	81	3438
21	82	3003
21	83	768
21	84	3060
21	85	2724
21	86	2569
21	87	119
21	88	1554
21	89	709
21	90	1761
21	91	1144
21	92	1741
21	93	134
21	94	3678
21	95	3703
21	96	860
21	97	1846
21	98	964
21	99	3960
22	0	882
22	1	1921
22	2	1703
22	3	1928
22	4	2329
22	5	1111
22	6	942
22	7	1295
22	8	951
22	9	1137
22	10	569
22	11	921
22	12	2532
22	13	1884
22	14	607
22	15	1886
22	16	619
22	17	1625
22	18	1584
22	19	770
22	20	879
22	21	1951
22	22	0
22	23	1560
22	24	1083
22	25	2345
22	26	878
22	27	749
22	28	1591
22	29	1826
22	30	1740
22	31	383
22	32	2597
22	33	1291
22	34	808
22	35	1345
22	36	2348
22	37	1522
22	38	1894
22	39	1648
22	40	2148
22	41	1511
22	42	1644
22	43	1778
22	44	221
22	45	1567
22	46	538
22	47	2104
22	48	1152
22	49	1734
22	50	857
22	51	2193
22	52	1683
22	53	1729
22	54	1141
22	55	1677
22	56	853
22	57	785
22	58	927
22	59	345
22	60	934
22	61	493
22	62	956
22	63	1611
22	64	2069
22	65	2081
22	66	1030
22	67	1499
22	68	1350
22	69	2067
22	70	2104
22	71	947
22	72	1564
22	73	880
22	74	1459
22	75	2634
22	76	382
22	77	2172
22	78	1575
22	79	1729
22	80	1133
22	81	2247
22	82	1159
22	83	1240
22	84	1545
22	85	799
22	86	887
22	87	1832
22	88	1622
22	89	1267
22	90	192
22	91	1181
22	92	702
22	93	1926
22	94	2478
22	95	2118
22	96	1674
22	97	108
22	98	1612
22	99	2148
23	0	1206
23	1	2895
23	2	3246
23	3	1101
23	4	3692
23	5	843
23	6	2448
23	7	1351
23	8	2442
23	9	474
23	10	1060
23	11	2470
23	12	3755
23	13	3411
23	14	1106
23	15	578
23	16	1095
23	17	181
23	18	819
23	19	2316
23	20	711
23	21	605
23	22	1560
23	23	0
23	24	2348
23	25	1399
23	26	2438
23	27	1588
23	28	3111
23	29	3264
23	30	1677
23	31	1191
23	32	3841
23	33	2813
23	34	2364
23	35	313
23	36	3694
23	37	96
23	38	3260
23	39	2558
23	40	3695
23	41	1549
23	42	3199
23	43	2874
23	44	1408
23	45	3107
23	46	1120
23	47	3601
23	48	811
23	49	2906
23	50	2221
23	51	3614
23	52	604
23	53	2587
23	54	2679
23	55	1337
23	56	2355
23	57	1875
23	58	749
23	59	1905
23	60	2186
23	61	2053
23	62	918
23	63	2570
23	64	1156
23	65	1080
23	66	1799
23	67	2789
23	68	2441
23	69	788
23	70	3646
23	71	614
23	72	2729
23	73	741
23	74	979
23	75	3852
23	76	1914
23	77	3586
23	78	386
23	79	1600
23	80	2382
23	81	3392
23	82	2693
23	83	339
23	84	2889
23	85	2359
23	86	2316
23	87	526
23	88	1729
23	89	612
23	90	1371
23	91	1159
23	92	1568
23	93	501
23	94	3637
23	95	3523
23	96	1144
23	97	1467
23	98	397
23	99	3679
24	0	1194
24	1	893
24	2	1184
24	3	2204
24	4	1344
24	5	1590
24	6	556
24	7	1355
24	8	506
24	9	1875
24	10	1592
24	11	768
24	12	1464
24	13	1255
24	14	1661
24	15	2452
24	16	1672
24	17	2341
24	18	1982
24	19	730
24	20	1810
24	21	2523
24	22	1083
24	23	2348
24	24	0
24	25	2567
24	26	885
24	27	779
24	28	980
24	29	955
24	30	1588
24	31	1391
24	32	1537
24	33	774
24	34	1023
24	35	2232
24	36	1347
24	37	2346
24	38	914
24	39	711
24	40	1594
24	41	1417
24	42	1242
24	43	708
24	44	1300
24	45	1062
24	46	1254
24	47	1352
24	48	1636
24	49	651
24	50	254
24	51	1280
24	52	2201
24	53	813
24	54	771
24	55	1757
24	56	536
24	57	478
24	58	1909
24	59	964
24	60	165
24	61	909
24	62	1463
24	63	644
24	64	2348
24	65	2410
24	66	706
24	67	445
24	68	347
24	69	2569
24	70	1522
24	71	1809
24	72	484
24	73	1838
24	74	1765
24	75	1566
24	76	781
24	77	1249
24	78	2198
24	79	1632
24	80	51
24	81	1164
24	82	764
24	83	2011
24	84	542
24	85	884
24	86	340
24	87	2413
24	88	1404
24	89	1834
24	90	1182
24	91	1408
24	92	790
24	93	2552
24	94	1397
24	95	1184
24	96	1881
24	97	1099
24	98	2528
24	99	1506
25	0	1511
25	1	2671
25	2	3717
25	3	417
25	4	3765
25	5	1239
25	6	2931
25	7	1216
25	8	2902
25	9	1416
25	10	2102
25	11	3050
25	12	3640
25	13	3816
25	14	2198
25	15	840
25	16	2193
25	17	1218
25	18	780
25	19	2912
25	20	1836
25	21	842
25	22	2345
25	23	1399
25	24	2567
25	25	0
25	26	3081
25	27	1869
25	28	3529
25	29	3505
25	30	1079
25	31	2111
25	32	3739
25	33	3273
25	34	3085
25	35	1670
25	36	3741
25	37	1494
25	38	3396
25	39	2373
25	40	4150
25	41	1173
25	42	3735
25	43	2776
25	44	2312
25	45	3583
25	46	1812
25	47	3916
25	48	1202
25	49	2879
25	50	2579
25	51	3784
25	52	825
25	53	2344
25	54	3195
25	55	813
25	56	2849
25	57	2144
25	58	1956
25	59	2650
25	60	2449
25	61	2766
25	62	1391
25	63	2426
25	64	283
25	65	323
25	66	1861
25	67	2916
25	68	2463
25	69	669
25	70	4081
25	71	1685
25	72	2738
25	73	1897
25	74	890
25	75	3716
25	76	2558
25	77	3748
25	78	1043
25	79	1003
25	80	2575
25	81	3240
25	82	3201
25	83	1427
25	84	3059
25	85	3019
25	86	2719
25	87	882
25	88	1256
25	89	1149
25	90	2177
25	91	1218
25	92	1887
25	93	976
25	94	3462
25	95	3679
25	96	702
25	97	2238
25	98	1786
25	99	4072
26	0	1572
26	1	1737
26	2	846
26	3	2675
26	4	1676
26	5	1900
26	6	346
26	7	1905
26	8	395
26	9	2003
26	10	1427
26	11	136
26	12	2009
26	13	1047
26	14	1436
26	15	2730
26	16	1449
26	17	2496
26	18	2366
26	19	181
26	20	1754
26	21	2798
26	22	878
26	23	2438
26	24	885
26	25	3081
26	26	0
26	27	1235
26	28	778
26	29	1125
26	30	2266
26	31	1258
26	32	2047
26	33	504
26	34	178
26	35	2220
26	36	1714
26	37	2400
26	38	1284
26	39	1595
26	40	1280
26	41	2055
26	42	769
26	43	1510
26	44	1057
26	45	718
26	46	1364
26	47	1299
26	48	1945
26	49	1394
26	50	671
26	51	1482
26	52	2510
26	53	1697
26	54	335
26	55	2324
26	56	350
26	57	1025
26	58	1788
26	59	539
26	60	857
26	61	388
26	62	1744
26	63	1526
26	64	2821
26	65	2853
26	66	1369
26	67	1079
26	68	1230
26	69	2897
26	70	1242
26	71	1825
26	72	1280
26	73	1750
26	74	2199
26	75	2108
26	76	541
26	77	1472
26	78	2428
26	79	2286
26	80	927
26	81	1837
26	82	358
26	83	2114
26	84	1036
26	85	81
26	86	547
26	87	2680
26	88	2102
26	89	2095
26	90	1067
26	91	1864
26	92	1208
26	93	2785
26	94	2025
26	95	1432
26	96	2381
26	97	971
26	98	2480
26	99	1300
27	0	416
27	1	1363
27	2	1856
27	3	1478
27	4	2114
27	5	811
27	6	1062
27	7	671
27	8	1034
27	9	1118
27	10	1026
27	11	1188
27	12	2170
27	13	1972
27	14	1125
27	15	1675
27	16	1133
27	17	1568
27	18	1219
27	19	1058
27	20	1139
27	21	1745
27	22	749
27	23	1588
27	24	779
27	25	1869
27	26	1235
27	27	0
27	28	1677
27	29	1729
27	30	1050
27	31	851
27	32	2254
27	33	1409
27	34	1273
27	35	1508
27	36	2112
27	37	1595
27	38	1690
27	39	1042
27	40	2297
27	41	829
27	42	1866
27	43	1301
27	44	885
27	45	1720
27	46	571
27	47	2109
27	48	857
27	49	1320
27	50	722
27	51	2059
27	52	1426
27	53	1099
27	54	1326
27	55	1091
27	56	980
27	57	303
27	58	1265
27	59	911
27	60	628
27	61	982
27	62	686
27	63	1032
27	64	1625
27	65	1673
27	66	301
27	67	1208
27	68	859
27	69	1799
27	70	2232
27	71	1099
27	72	1142
27	73	1182
27	74	1015
27	75	2267
27	76	760
27	77	2028
27	78	1420
27	79	1060
27	80	806
27	81	1816
27	82	1332
27	83	1257
27	84	1320
27	85	1182
27	86	855
27	87	1635
27	88	905
27	89	1055
27	90	710
27	91	660
27	92	48
27	93	1773
27	94	2061
27	95	1963
27	96	1168
27	97	684
27	98	1808
27	99	2236
28	0	2081
28	1	1501
28	2	214
28	3	3150
28	4	973
28	5	2458
28	6	663
28	7	2313
28	8	671
28	9	2652
28	10	2159
28	11	686
28	12	1397
28	13	301
28	14	2183
28	15	3322
28	16	2196
28	17	3143
28	18	2893
28	19	827
28	20	2464
28	21	3392
28	22	1591
28	23	3111
28	24	980
28	25	3529
28	26	778
28	27	1677
28	28	0
28	29	441
28	30	2568
28	31	1973
28	32	1409
28	33	301
28	34	938
28	35	2926
28	36	1025
28	37	3086
28	38	684
28	39	1517
28	40	621
28	41	2394
28	42	338
28	43	1244
28	44	1794
28	45	148
28	46	1995
28	47	522
28	48	2506
28	49	1086
28	50	955
28	51	743
28	52	3082
28	53	1614
28	54	456
28	55	2724
28	56	756
28	57	1387
28	58	2518
28	59	1283
28	60	1081
28	61	1138
28	62	2312
28	63	1437
28	64	3296
28	65	3349
28	66	1676
28	67	808
28	68	1211
28	69	3464
28	70	555
28	71	2513
28	72	1075
28	73	2470
28	74	2692
28	75	1486
28	76	1212
28	77	742
28	78	3039
28	79	2612
28	80	986
28	81	1355
28	82	436
28	83	2775
28	84	670
28	85	854
28	86	826
28	87	3277
28	88	2384
28	89	2684
28	90	1766
28	91	2335
28	92	1670
28	93	3401
28	94	1477
28	95	720
28	96	2833
28	97	1666
28	98	3201
28	99	569
29	0	2145
29	1	1191
29	2	592
29	3	3152
29	4	553
29	5	2539
29	6	895
29	7	2302
29	8	878
29	9	2793
29	10	2391
29	11	1005
29	12	957
29	13	482
29	14	2432
29	15	3404
29	16	2445
29	17	3272
29	18	2937
29	19	1117
29	20	2665
29	21	3474
29	22	1826
29	23	3264
29	24	955
29	25	3505
29	26	1125
29	27	1729
29	28	441
29	29	0
29	30	2482
29	31	2194
29	32	970
29	33	625
29	34	1300
29	35	3114
29	36	598
29	37	3251
29	38	261
29	39	1291
29	40	794
29	41	2338
29	42	755
29	43	944
29	44	2042
29	45	586
29	46	2147
29	47	427
29	48	2585
29	49	784
29	50	1043
29	51	369
29	52	3154
29	53	1376
29	54	791
29	55	2692
29	56	978
29	57	1426
29	58	2740
29	59	1561
29	60	1101
29	61	1431
29	62	2405
29	63	1213
29	64	3295
29	65	3361
29	66	1650
29	67	602
29	68	1062
29	69	3524
29	70	711
29	71	2691
29	72	839
29	73	2681
29	74	2720
29	75	1046
29	76	1447
29	77	352
29	78	3142
29	79	2538
29	80	938
29	81	942
29	82	768
29	83	2925
29	84	451
29	85	1190
29	86	957
29	87	3363
29	88	2295
29	89	2779
29	90	1979
29	91	2363
29	92	1734
29	93	3499
29	94	1043
29	95	307
29	96	2829
29	97	1882
29	98	3401
29	99	644
30	0	887
30	1	1592
30	2	2770
30	3	844
30	4	2701
30	5	944
30	6	2041
30	7	465
30	8	2003
30	9	1366
30	10	1771
30	11	2201
30	12	2561
30	13	2839
30	14	1884
30	15	1388
30	16	1885
30	17	1549
30	18	889
30	19	2086
30	20	1671
30	21	1443
30	22	1740
30	23	1677
30	24	1588
30	25	1079
30	26	2266
30	27	1050
30	28	2568
30	29	2482
30	30	0
30	31	1675
30	32	2660
30	33	2345
30	34	2318
30	35	1794
30	36	2673
30	37	1740
30	38	2349
30	39	1298
30	40	3180
30	41	229
30	42	2816
30	43	1703
30	44	1806
30	45	2645
30	46	1314
30	47	2904
30	48	949
30	49	1814
30	50	1662
30	51	2737
30	52	1165
30	53	1265
30	54	2300
30	55	367
30	56	1973
30	57	1246
30	58	1822
30	59	1956
30	60	1501
30	61	2032
30	62	1001
30	63	1354
30	64	951
30	65	1053
30	66	910
30	67	1883
30	68	1423
30	69	1381
30	70	3106
30	71	1546
30	72	1682
30	73	1736
30	74	697
30	75	2637
30	76	1810
30	77	2699
30	78	1321
30	79	87
30	80	1584
30	81	2162
30	82	2300
30	83	1472
30	84	2032
30	85	2220
30	86	1808
30	87	1383
30	88	188
30	89	1092
30	90	1632
30	91	649
30	92	1087
30	93	1543
30	94	2384
30	95	2631
30	96	583
30	97	1649
30	98	2044
30	99	3082
31	0	790
31	1	2166
31	2	2087
31	3	1697
31	4	2683
31	5	881
31	6	1320
31	7	1211
31	8	1325
31	9	796
31	10	202
31	11	1304
31	12	2854
31	13	2267
31	14	280
31	15	1563
31	16	289
31	17	1270
31	18	1332
31	19	1153
31	20	497
31	21	1624
31	22	383
31	23	1191
31	24	1391
31	25	2111
31	26	1258
31	27	851
31	28	1973
31	29	2194
31	30	1675
31	31	0
31	32	2925
31	33	1673
31	34	1174
31	35	963
31	36	2699
31	37	1146
31	38	2246
31	39	1864
31	40	2531
31	41	1452
31	42	2026
31	43	2055
31	44	222
31	45	1951
31	46	361
31	47	2484
31	48	913
31	49	2031
31	50	1190
31	51	2560
31	52	1383
31	53	1933
31	54	1525
31	55	1534
31	56	1229
31	57	1005
31	58	547
31	59	719
31	60	1230
31	61	870
31	62	743
31	63	1841
31	64	1829
31	65	1823
31	66	1152
31	67	1825
31	68	1611
31	69	1756
31	70	2488
31	71	577
31	72	1855
31	73	496
31	74	1253
31	75	2956
31	76	762
31	77	2537
31	78	1248
31	79	1646
31	80	1437
31	81	2546
31	82	1542
31	83	883
31	84	1888
31	85	1177
31	86	1243
31	87	1507
31	88	1594
31	89	979
31	90	215
31	91	1049
31	92	805
31	93	1586
31	94	2784
31	95	2481
31	96	1485
31	97	312
31	98	1229
31	99	2532
32	0	2641
32	1	1069
32	2	1533
32	3	3459
32	4	475
32	5	3029
32	6	1756
32	7	2648
32	8	1723
32	9	3371
32	10	3127
32	11	1916
32	12	101
32	13	1361
32	14	3191
32	15	3849
32	16	3202
32	17	3808
32	18	3337
32	19	1997
32	20	3344
32	21	3917
32	22	2597
32	23	3841
32	24	1537
32	25	3739
32	26	2047
32	27	2254
32	28	1409
32	29	970
32	30	2660
32	31	2925
32	32	0
32	33	1572
32	34	2226
32	35	3753
32	36	408
32	37	3849
32	38	764
32	39	1372
32	40	1552
32	41	2591
32	42	1703
32	43	988
32	44	2817
32	45	1551
32	46	2781
32	47	1127
32	48	3071
32	49	935
32	50	1741
32	51	733
32	52	3593
32	53	1395
32	54	1727
32	55	2961
32	56	1819
32	57	1980
32	58	3446
32	59	2398
32	60	1700
32	61	2292
32	62	2927
32	63	1330
32	64	3587
32	65	3675
32	66	2056
32	67	1100
32	68	1400
32	69	3924
32	70	1481
32	71	3334
32	72	1112
32	73	3374
32	74	3104
32	75	92
32	76	2246
32	77	713
32	78	3637
32	79	2737
32	80	1493
32	81	499
32	82	1704
32	83	3511
32	84	1058
32	85	2101
32	86	1720
32	87	3819
32	88	2485
32	89	3279
32	90	2714
32	91	2774
32	92	2278
32	93	3971
32	94	311
32	95	708
32	96	3143
32	97	2626
32	98	4052
32	99	1367
33	0	1804
33	1	1451
33	2	448
33	3	2887
33	4	1178
33	5	2175
33	6	367
33	7	2060
33	8	381
33	9	2356
33	10	1859
33	11	395
33	12	1543
33	13	598
33	14	1885
33	15	3036
33	16	1898
33	17	2848
33	18	2618
33	19	530
33	20	2164
33	21	3105
33	22	1291
33	23	2813
33	24	774
33	25	3273
33	26	504
33	27	1409
33	28	301
33	29	625
33	30	2345
33	31	1673
33	32	1572
33	33	0
33	34	676
33	35	2626
33	36	1220
33	37	2787
33	38	809
33	39	1401
33	40	896
33	41	2159
33	42	471
33	43	1200
33	44	1495
33	45	311
33	46	1700
33	47	816
33	48	2222
33	49	1056
33	50	695
33	51	978
33	52	2799
33	53	1504
33	54	169
33	55	2476
33	56	460
33	57	1129
33	58	2218
33	59	986
33	60	844
33	61	844
33	62	2027
33	63	1323
33	64	3033
33	65	3082
33	66	1439
33	67	742
33	68	1061
33	69	3183
33	70	839
33	71	2213
33	72	995
33	73	2169
33	74	2423
33	75	1639
33	76	912
33	77	969
33	78	2749
33	79	2382
33	80	793
33	81	1424
33	82	146
33	83	2478
33	84	644
33	85	574
33	86	555
33	87	2989
33	88	2165
33	89	2396
33	90	1465
33	91	2068
33	92	1398
33	93	3110
33	94	1585
33	95	931
33	96	2573
33	97	1366
33	98	2901
33	99	866
34	0	1576
34	1	1893
34	2	983
34	3	2674
34	4	1851
34	5	1880
34	6	509
34	7	1934
34	8	556
34	9	1945
34	10	1329
34	11	312
34	12	2187
34	13	1193
34	14	1326
34	15	2688
34	16	1339
34	17	2433
34	18	2351
34	19	293
34	20	1667
34	21	2754
34	22	808
34	23	2364
34	24	1023
34	25	3085
34	26	178
34	27	1273
34	28	938
34	29	1300
34	30	2318
34	31	1174
34	32	2226
34	33	676
34	34	0
34	35	2131
34	36	1891
34	37	2320
34	38	1462
34	39	1733
34	40	1400
34	41	2101
34	42	885
34	43	1672
34	44	962
34	45	863
34	46	1324
34	47	1455
34	48	1924
34	49	1561
34	50	791
34	51	1654
34	52	2477
34	53	1835
34	54	509
34	55	2349
34	56	493
34	57	1097
34	58	1687
34	59	464
34	60	974
34	61	325
34	62	1722
34	63	1667
34	64	2819
34	65	2844
34	66	1440
34	67	1249
34	68	1370
34	69	2864
34	70	1370
34	71	1750
34	72	1440
34	73	1656
34	74	2197
34	75	2287
34	76	528
34	77	1645
34	78	2380
34	79	2332
34	80	1068
34	81	2011
34	82	532
34	83	2047
34	84	1211
34	85	141
34	86	683
34	87	2636
34	88	2162
34	89	2060
34	90	1000
34	91	1875
34	92	1241
34	93	2733
34	94	2202
34	95	1607
34	96	2391
34	97	910
34	98	2380
34	99	1437
35	0	1173
35	1	2858
35	2	3047
35	3	1336
35	4	3569
35	5	877
35	6	2266
35	7	1410
35	8	2266
35	9	441
35	10	804
35	11	2265
35	12	3673
35	13	3223
35	14	831
35	15	877
35	16	819
35	17	479
35	18	1008
35	19	2113
35	20	466
35	21	911
35	22	1345
35	23	313
35	24	2232
35	25	1670
35	26	2220
35	27	1508
35	28	2926
35	29	3114
35	30	1794
35	31	963
35	32	3753
35	33	2626
35	34	2131
35	35	0
35	36	3576
35	37	228
35	38	3133
35	39	2526
35	40	3493
35	41	1635
35	42	2988
35	43	2809
35	44	1169
35	45	2910
35	46	978
35	47	3429
35	48	858
35	49	2825
35	50	2077
35	51	3472
35	52	849
35	53	2566
35	54	2482
35	55	1485
35	56	2173
35	57	1773
35	58	462
35	59	1682
35	60	2067
35	61	1832
35	62	898
35	63	2527
35	64	1412
35	65	1347
35	66	1755
35	67	2676
35	68	2366
35	69	1090
35	70	3448
35	71	424
35	72	2645
35	73	476
35	74	1115
35	75	3771
35	76	1716
35	77	3446
35	78	628
35	79	1725
35	80	2270
35	81	3324
35	82	2499
35	83	322
35	84	2764
35	85	2140
35	86	2157
35	87	822
35	88	1815
35	89	703
35	90	1162
35	91	1206
35	92	1480
35	93	813
35	94	3569
35	95	3386
35	96	1316
35	97	1261
35	98	300
35	99	3489
36	0	2518
36	1	1143
36	2	1133
36	3	3428
36	4	69
36	5	2914
36	6	1454
36	7	2590
36	8	1428
36	9	3220
36	10	2900
36	11	1589
36	12	433
36	13	955
36	14	2953
36	15	3761
36	16	2965
36	17	3679
36	18	3265
36	19	1688
36	20	3146
36	21	3831
36	22	2348
36	23	3694
36	24	1347
36	25	3741
36	26	1714
36	27	2112
36	28	1025
36	29	598
36	30	2673
36	31	2699
36	32	408
36	33	1220
36	34	1891
36	35	3576
36	36	0
36	37	3692
36	38	454
36	39	1381
36	40	1148
36	41	2572
36	42	1304
36	43	975
36	44	2569
36	45	1162
36	46	2599
36	47	720
36	48	2959
36	49	862
36	50	1511
36	51	326
36	52	3506
36	53	1433
36	54	1383
36	55	2941
36	56	1527
36	57	1819
36	58	3235
36	59	2115
36	60	1510
36	61	1995
36	62	2797
36	63	1321
36	64	3564
36	65	3643
36	66	1960
36	67	905
36	68	1302
36	69	3857
36	70	1076
36	71	3153
36	72	1013
36	73	3169
36	74	3036
36	75	496
36	76	1980
36	77	306
36	78	3526
36	79	2743
36	80	1311
36	81	646
36	82	1360
36	83	3357
36	84	814
36	85	1775
36	86	1461
36	87	3727
36	88	2490
36	89	3162
36	90	2484
36	91	2690
36	92	2128
36	93	3873
36	94	603
36	95	308
36	96	3106
36	97	2391
36	98	3872
36	99	963
37	0	1225
37	1	2917
37	2	3216
37	3	1190
37	4	3689
37	5	878
37	6	2423
37	7	1397
37	8	2419
37	9	478
37	10	1005
37	11	2437
37	12	3765
37	13	3385
37	14	1043
37	15	674
37	16	1031
37	17	277
37	18	896
37	19	2284
37	20	657
37	21	700
37	22	1522
37	23	96
37	24	2346
37	25	1494
37	26	2400
37	27	1595
37	28	3086
37	29	3251
37	30	1740
37	31	1146
37	32	3849
37	33	2787
37	34	2320
37	35	228
37	36	3692
37	37	0
37	38	3255
37	39	2582
37	40	3664
37	41	1603
37	42	3165
37	43	2888
37	44	1360
37	45	3078
37	46	1105
37	47	3581
37	48	849
37	49	2915
37	50	2209
37	51	3605
37	52	692
37	53	2614
37	54	2649
37	55	1407
37	56	2330
37	57	1876
37	58	679
37	59	1864
37	60	2182
37	61	2014
37	62	938
37	63	2590
37	64	1248
37	65	1173
37	66	1818
37	67	2788
37	68	2452
37	69	884
37	70	3617
37	71	576
37	72	2737
37	73	680
37	74	1044
37	75	3862
37	76	1883
37	77	3577
37	78	472
37	79	1665
37	80	2381
37	81	3406
37	82	2665
37	83	339
37	84	2884
37	85	2321
37	86	2299
37	87	622
37	88	1783
37	89	660
37	90	1334
37	91	1201
37	92	1572
37	93	594
37	94	3651
37	95	3515
37	96	1219
37	97	1432
37	98	313
37	99	3652
38	0	2102
38	1	961
38	2	851
38	3	3061
38	4	437
38	5	2499
38	6	1006
38	7	2213
38	8	977
38	9	2787
38	10	2447
38	11	1155
38	12	733
38	13	741
38	14	2499
38	15	3356
38	16	2511
38	17	3254
38	18	2872
38	19	1244
38	20	2698
38	21	3426
38	22	1894
38	23	3260
38	24	914
38	25	3396
38	26	1284
38	27	1690
38	28	684
38	29	261
38	30	2349
38	31	2246
38	32	764
38	33	809
38	34	1462
38	35	3133
38	36	454
38	37	3255
38	38	0
38	39	1105
38	40	1038
38	41	2223
38	42	1010
38	43	727
38	44	2114
38	45	832
38	46	2157
38	47	635
38	48	2545
38	49	574
38	50	1061
38	51	389
38	52	3103
38	53	1180
38	54	963
38	55	2586
38	56	1076
38	57	1391
38	58	2785
38	59	1663
38	60	1074
