100
0	0	0
0	1	2607
0	2	549
0	3	2009
0	4	1368
0	5	2233
0	6	1131
0	7	581
0	8	515
0	9	582
0	10	722
0	11	263
0	12	2790
0	13	2301
0	14	2490
0	15	2439
0	16	2949
0	17	2589
0	18	3008
0	19	783
0	20	258
0	21	1980
0	22	1988
0	23	2459
0	24	527
0	25	1184
0	26	662
0	27	814
0	28	492
0	29	881
0	30	3070
0	31	440
0	32	2433
0	33	838
0	34	844
0	35	2910
0	36	1129
0	37	699
0	38	1124
0	39	1100
0	40	3099
0	41	2517
0	42	1673
0	43	3350
0	44	2851
0	45	477
0	46	1488
0	47	2963
0	48	655
0	49	1989
0	50	3164
0	51	1417
0	52	1003
0	53	1437
0	54	2040
0	55	1299
0	56	1008
0	57	1177
0	58	592
0	59	1414
0	60	810
0	61	1258
0	62	2953
0	63	2359
0	64	1227
0	65	1535
0	66	1427
0	67	652
0	68	1034
0	69	1192
0	70	439
0	71	1045
0	72	839
0	73	1359
0	74	940
0	75	674
0	76	2349
0	77	2796
0	78	1316
0	79	822
0	80	1472
0	81	2579
0	82	2065
0	83	1156
0	84	773
0	85	629
0	86	1628
0	87	1867
0	88	1719
0	89	149
0	90	792
0	91	3020
0	92	765
0	93	966
0	94	96
0	95	2883
0	96	737
0	97	229
0	98	618
0	99	1249
1	0	2607
1	1	0
1	2	3154
1	3	1013
1	4	3183
1	5	932
1	6	1480
1	7	3056
1	8	2097
1	9	2886
1	10	3328
1	11	2435
1	12	184
1	13	412
1	14	882
1	15	236
1	16	511
1	17	523
1	18	882
1	19	2274
1	20	2578
1	21	1244
1	22	1287
1	23	608
1	24	2091
1	25	2701
1	26	1988
1	27	3367
1	28	2958
1	29	2437
1	30	554
1	31	2798
1	32	707
1	33	1769
1	34	2032
1	35	604
1	36	1804
1	37	2291
1	38	3318
1	39	3187
1	40	665
1	41	217
1	42	936
1	43	1093
1	44	531
1	45	2148
1	46	2040
1	47	505
1	48	2547
1	49	673
1	50	941
1	51	1228
1	52	3355
1	53	1296
1	54	888
1	55	2637
1	56	1620
1	57	1445
1	58	2907
1	59	1254
1	60	1977
1	61	2881
1	62	394
1	63	465
1	64	2070
1	65	1434
1	66	3389
1	67	2826
1	68	2696
1	69	3425
1	70	2248
1	71	1802
1	72	3362
1	73	1348
1	74	2441
1	75	3046
1	76	489
1	77	259
1	78	2231
1	79	2280
1	80	2318
1	81	457
1	82	800
1	83	1457
1	84	3322
1	85	2544
1	86	1118
1	87	1283
1	88	907
1	89	2512
1	90	3326
1	91	831
1	92	3370
1	93	1717
1	94	2694
1	95	742
1	96	3188
1	97	2621
1	98	3075
1	99	2661
2	0	549
2	1	3154
2	2	0
2	3	2515
2	4	1413
2	5	2739
2	6	1679
2	7	369
2	8	1064
2	9	665
2	10	190
2	11	739
2	12	3337
2	13	2841
2	14	2996
2	15	2987
2	16	3497
2	17	3135
2	18	3548
2	19	1203
2	20	661
2	21	2497
2	22	2500
2	23	3003
2	24	1074
2	25	1417
2	26	1186
2	27	344
2	28	385
2	29	1225
2	30	3609
2	31	528
2	32	2952
2	33	1386
2	34	1292
2	35	3456
2	36	1628
2	37	1128
2	38	1021
2	39	1077
2	40	3646
2	41	3059
2	42	2221
2	43	3891
2	44	3397
2	45	1022
2	46	1909
2	47	3500
2	48	974
2	49	2537
2	50	3684
2	51	1965
2	52	811
2	53	1978
2	54	2579
2	55	1560
2	56	1546
2	57	1725
2	58	570
2	59	1946
2	60	1287
2	61	1423
2	62	3496
2	63	2894
2	64	1656
2	65	2018
2	66	1383
2	67	792
2	68	1264
2	69	1040
2	70	936
2	71	1555
2	72	497
2	73	1882
2	74	1277
2	75	525
2	76	2897
2	77	3344
2	78	1699
2	79	1233
2	80	1830
2	81	3112
2	82	2588
2	83	1704
2	84	410
2	85	953
2	86	2151
2	87	2384
2	88	2261
2	89	664
2	90	359
2	91	3562
2	92	242
2	93	1485
2	94	460
2	95	3425
2	96	451
2	97	571
2	98	403
2	99	1499
3	0	2009
3	1	1013
3	2	2515
3	3	0
3	4	2976
3	5	224
3	6	1079
3	7	2325
3	8	1572
3	9	2449
3	10	2703
3	11	1778
3	12	1161
3	13	605
3	14	481
3	15	1029
3	16	1521
3	17	1390
3	18	1843
3	19	1991
3	20	2076
3	21	1622
3	22	1667
3	23	1375
3	24	1581
3	25	2538
3	26	1349
3	27	2652
3	28	2235
3	29	2191
3	30	1231
3	31	2063
3	32	465
3	33	1272
3	34	1244
3	35	1592
3	36	1660
3	37	1969
3	38	2967
3	39	2871
3	40	1678
3	41	811
3	42	792
3	43	2097
3	44	1515
3	45	1642
3	46	2096
3	47	1107
3	48	2200
3	49	944
3	50	1180
3	51	1047
3	52	2933
3	53	1226
3	54	1307
3	55	2532
3	56	1039
3	57	1105
3	58	2138
3	59	652
3	60	1231
3	61	2710
3	62	1180
3	63	559
3	64	2000
3	65	520
3	66	3142
3	67	2432
3	68	2476
3	69	3063
3	70	1582
3	71	1598
3	72	2841
3	73	667
3	74	2219
3	75	2276
3	76	1183
3	77	1272
3	78	2191
3	79	2014
3	80	2336
3	81	706
3	82	221
3	83	1077
3	84	2780
3	85	2187
3	86	420
3	87	1584
3	88	583
3	89	1963
3	90	2600
3	91	1806
3	92	2753
3	93	1046
3	94	2077
3	95	1692
3	96	2432
3	97	1945
3	98	2333
3	99	2532
4	0	1368
4	1	3183
4	2	1413
4	3	2976
4	4	0
4	5	3180
4	6	1899
4	7	1742
4	8	1500
4	9	805
4	10	1386
4	11	1599
4	12	3344
4	13	3024
4	14	3411
4	15	2959
4	16	3335
4	17	2934
4	18	3209
4	19	986
4	20	1131
4	21	2084
4	22	2060
4	23	2781
4	24	1479
4	25	484
4	26	1791
4	27	1733
4	28	1706
4	29	786
4	30	3727
4	31	1752
4	32	3295
4	33	1729
4	34	2096
4	35	3236
4	36	1388
4	37	1013
4	38	465
4	39	346
4	40	3448
4	41	3183
4	42	2336
4	43	3534
4	44	3202
4	45	1427
4	46	1223
4	47	3649
4	48	817
4	49	2512
4	50	3977
4	51	2017
4	52	699
4	53	1900
4	54	2350
4	55	578
4	56	1971
4	57	1882
4	58	1876
4	59	2325
4	60	2021
4	61	306
4	62	3575
4	63	3121
4	64	1118
4	65	2625
4	66	229
4	67	716
4	68	503
4	69	531
4	70	1702
4	71	1413
4	72	1029
4	73	2330
4	74	764
4	75	1892
4	76	2764
4	77	3280
4	78	985
4	79	962
4	80	969
4	81	3340
4	82	2941
4	83	1903
4	84	1091
4	85	837
4	86	2556
4	87	1995
4	88	2487
4	89	1283
4	90	1764
4	91	3251
4	92	1368
4	93	2031
4	94	1394
4	95	3134
4	96	1857
4	97	1592
4	98	1783
4	99	537
5	0	2233
5	1	932
5	2	2739
5	3	224
5	4	3180
5	5	0
5	6	1282
5	7	2545
5	8	1793
5	9	2668
5	10	2927
5	11	2002
5	12	1055
5	13	554
5	14	258
5	15	998
5	16	1442
5	17	1369
5	18	1799
5	19	2196
5	20	2298
5	21	1721
5	22	1767
5	23	1380
5	24	1801
5	25	2736
5	26	1572
5	27	2873
5	28	2457
5	29	2394
5	30	1059
5	31	2284
5	32	278
5	33	1488
5	34	1465
5	35	1532
5	36	1845
5	37	2178
5	38	3183
5	39	3084
5	40	1591
5	41	717
5	42	935
5	43	2025
5	44	1457
5	45	1862
5	46	2261
5	47	933
5	48	2412
5	49	1016
5	50	962
5	51	1218
5	52	3152
5	53	1387
5	54	1383
5	55	2723
5	56	1258
5	57	1301
5	58	2356
5	59	864
5	60	1454
5	61	2910
5	62	1030
5	63	469
5	64	2181
5	65	736
5	66	3351
5	67	2649
5	68	2679
5	69	3280
5	70	1806
5	71	1790
5	72	3064
5	73	886
5	74	2420
5	75	2493
5	76	1192
5	77	1187
5	78	2370
5	79	2218
5	80	2510
5	81	552
5	82	275
5	83	1278
5	84	3004
5	85	2400
5	86	631
5	87	1696
5	88	735
5	89	2185
5	90	2820
5	91	1754
5	92	2976
5	93	1269
5	94	2301
5	95	1652
5	96	2650
5	97	2168
5	98	2553
5	99	2726
6	0	1131
6	1	1480
6	2	1679
6	3	1079
6	4	1899
6	5	1282
6	6	0
6	7	1620
6	8	618
6	9	1437
6	10	1850
6	11	984
6	12	1663
6	13	1203
6	14	1516
6	15	1308
6	16	1824
6	17	1479
6	18	1921
6	19	914
6	20	1104
6	21	1053
6	22	1081
6	23	1360
6	24	611
6	25	1461
6	26	568
6	27	1914
6	28	1520
6	29	1113
6	30	1964
6	31	1374
6	32	1413
6	33	294
6	34	774
6	35	1795
6	36	618
6	37	899
6	38	1921
6	39	1812
6	40	1977
6	41	1405
6	42	544
6	43	2258
6	44	1732
6	45	669
6	46	1113
6	47	1864
6	48	1141
6	49	862
6	50	2123
6	51	313
6	52	1918
6	53	425
6	54	979
6	55	1462
6	56	266
6	57	82
6	58	1505
6	59	434
6	60	676
6	61	1632
6	62	1837
6	63	1278
6	64	959
6	65	810
6	66	2071
6	67	1397
6	68	1397
6	69	2022
6	70	814
6	71	537
6	72	1891
6	73	467
6	74	1140
6	75	1638
6	76	1232
6	77	1665
6	78	1150
6	79	936
6	80	1311
6	81	1503
6	82	1049
6	83	31
6	84	1846
6	85	1132
6	86	660
6	87	954
6	88	622
6	89	1032
6	90	1879
6	91	1925
6	92	1892
6	93	425
6	94	1220
6	95	1786
6	96	1764
6	97	1171
6	98	1644
6	99	1457
7	0	581
7	1	3056
7	2	369
7	3	2325
7	4	1742
7	5	2545
7	6	1620
7	7	0
7	8	1043
7	9	953
7	10	517
7	11	636
7	12	3240
7	13	2714
7	14	2802
7	15	2911
7	16	3439
7	17	3098
7	18	3535
7	19	1355
7	20	801
7	21	2544
7	22	2554
7	23	2977
7	24	1062
7	25	1679
7	26	1070
7	27	328
7	28	100
7	29	1426
7	30	3476
7	31	263
7	32	2778
7	33	1329
7	34	1081
7	35	3415
7	36	1706
7	37	1271
7	38	1376
7	39	1417
7	40	3594
7	41	2940
7	42	2144
7	43	3874
7	44	3351
7	45	1025
7	46	2064
7	47	3362
7	48	1181
7	49	2479
7	50	3504
7	51	1926
7	52	1175
7	53	1974
7	54	2574
7	55	1811
7	56	1437
7	57	1679
7	58	222
7	59	1813
7	60	1104
7	61	1713
7	62	3375
7	63	2753
7	64	1804
7	65	1811
7	66	1733
7	67	1069
7	68	1524
7	69	1403
7	70	812
7	71	1618
7	72	867
7	73	1733
7	74	1483
7	75	157
7	76	2851
7	77	3265
7	78	1881
7	79	1391
7	80	2030
7	81	2963
7	82	2425
7	83	1648
7	84	779
7	85	1157
7	86	1995
7	87	2431
7	88	2150
7	89	730
7	90	275
7	91	3542
7	92	569
7	93	1344
7	94	490
7	95	3403
7	96	157
7	97	451
7	98	42
7	99	1754
8	0	515
8	1	2097
8	2	1064
8	3	1572
8	4	1500
8	5	1793
8	6	618
8	7	1043
8	8	0
8	9	877
8	10	1233
8	11	420
8	12	2280
8	13	1805
8	14	2044
8	15	1925
8	16	2434
8	17	2076
8	18	2500
8	19	596
8	20	507
8	21	1507
8	22	1520
8	23	1948
8	24	30
8	25	1157
8	26	294
8	27	1316
8	28	944
8	29	784
8	30	2572
8	31	822
8	32	1968
8	33	330
8	34	621
8	35	2396
8	36	716
8	37	529
8	38	1407
8	39	1328
8	40	2584
8	41	2015
8	42	1161
8	43	2841
8	44	2336
8	45	74
8	46	1173
8	47	2468
8	48	683
8	49	1473
8	50	2695
8	51	903
8	52	1360
8	53	933
8	54	1535
8	55	1220
8	56	535
8	57	661
8	58	970
8	59	941
8	60	532
8	61	1292
8	62	2450
8	63	1870
8	64	927
8	65	1150
8	66	1628
8	67	871
8	68	1041
8	69	1499
8	70	329
8	71	613
8	72	1289
8	73	906
8	74	835
8	75	1090
8	76	1835
8	77	2282
8	78	1074
8	79	636
8	80	1249
8	81	2093
8	82	1599
8	83	642
8	84	1238
8	85	664
8	86	1168
8	87	1395
8	88	1220
8	89	416
8	90	1286
8	91	2510
8	92	1274
8	93	547
8	94	607
8	95	2373
8	96	1195
8	97	594
8	98	1073
8	99	1190
9	0	582
9	1	2886
9	2	665
9	3	2449
9	4	805
9	5	2668
9	6	1437
9	7	953
9	8	877
9	9	0
9	10	709
9	11	834
9	12	3064
9	13	2638
9	14	2918
9	15	2689
9	16	3153
9	17	2766
9	18	3133
9	19	669
9	20	389
9	21	2023
9	22	2017
9	23	2622
9	24	868
9	25	753
9	26	1133
9	27	1007
9	28	907
9	29	615
9	30	3393
9	31	947
9	32	2834
9	33	1185
9	34	1388
9	35	3087
9	36	1159
9	37	621
9	38	551
9	39	518
9	40	3290
9	41	2834
9	42	1961
9	43	3475
9	44	3037
9	45	806
9	46	1317
9	47	3297
9	48	386
9	49	2225
9	50	3555
9	51	1659
9	52	485
9	53	1611
9	54	2180
9	55	898
9	56	1410
9	57	1453
9	58	1072
9	59	1810
9	60	1333
9	61	763
9	62	3260
9	63	2715
9	64	1084
9	65	2019
9	66	846
9	67	129
9	68	601
9	69	631
9	70	975
9	71	1119
9	72	515
9	73	1782
9	74	657
9	75	1097
9	76	2550
9	77	3039
9	78	1085
9	79	685
9	80	1195
9	81	2939
9	82	2465
9	83	1453
9	84	511
9	85	376
9	86	2040
9	87	1914
9	88	2059
9	89	534
9	90	1024
9	91	3158
9	92	716
9	93	1419
9	94	594
9	95	3026
9	96	1081
9	97	797
9	98	994
9	99	836
10	0	722
10	1	3328
10	2	190
10	3	2703
10	4	1386
10	5	2927
10	6	1850
10	7	517
10	8	1233
10	9	709
10	10	0
10	11	926
10	12	3511
10	13	3021
10	14	3184
10	15	3158
10	16	3662
10	17	3295
10	18	3700
10	19	1312
10	20	796
10	21	2633
10	22	2634
10	23	3161
10	24	1241
10	25	1454
10	26	1370
10	27	356
10	28	554
10	29	1307
10	30	3790
10	31	709
10	32	3139
10	33	1559
10	34	1481
10	35	3617
10	36	1760
10	37	1242
10	38	959
10	39	1042
10	40	3809
10	41	3238
10	42	2394
10	43	4044
10	44	3560
10	45	1187
10	46	2004
10	47	3682
10	48	1060
10	49	2704
10	50	3870
10	51	2130
10	52	731
10	53	2134
10	54	2732
10	55	1602
10	56	1726
10	57	1893
10	58	733
10	59	2129
10	60	1476
10	61	1436
10	62	3674
10	63	3076
10	64	1758
10	65	2208
10	66	1326
10	67	838
10	68	1306
10	69	959
10	70	1123
10	71	1694
10	72	389
10	73	2067
10	74	1355
10	75	664
10	76	3060
10	77	3514
10	78	1783
10	79	1338
10	80	1902
10	81	3295
10	82	2774
10	83	1875
10	84	308
10	85	1042
10	86	2336
10	87	2521
10	88	2440
10	89	824
10	90	400
10	91	3717
10	92	54
10	93	1670
10	94	638
10	95	3581
10	96	554
10	97	760
10	98	542
10	99	1540
11	0	263
11	1	2435
11	2	739
11	3	1778
11	4	1599
11	5	2002
11	6	984
11	7	636
11	8	420
11	9	834
11	10	926
11	11	0
11	12	2619
11	13	2109
11	14	2259
11	15	2282
11	16	2806
11	17	2462
11	18	2899
11	19	884
11	20	468
11	21	1927
11	22	1940
11	23	2341
11	24	444
11	25	1364
11	26	451
11	27	934
11	28	537
11	29	1025
11	30	2876
11	31	403
11	32	2213
11	33	692
11	34	584
11	35	2780
11	36	1124
11	37	800
11	38	1382
11	39	1349
11	40	2960
11	41	2330
11	42	1514
11	43	3238
11	44	2716
11	45	421
11	46	1548
11	47	2766
11	48	833
11	49	1845
11	50	2945
11	51	1289
11	52	1266
11	53	1341
11	54	1940
11	55	1462
11	56	816
11	57	1043
11	58	550
11	59	1210
11	60	558
11	61	1460
11	62	2767
11	63	2158
11	64	1291
11	65	1290
11	66	1674
11	67	890
11	68	1222
11	69	1452
11	70	197
11	71	1026
11	72	1092
11	73	1143
11	74	1083
11	75	672
11	76	2216
11	77	2638
11	78	1410
11	79	925
11	80	1578
11	81	2375
11	82	1849
11	83	1013
11	84	1022
11	85	807
11	86	1412
11	87	1815
11	88	1534
11	89	316
11	90	896
11	91	2905
11	92	975
11	93	746
11	94	305
11	95	2767
11	96	784
11	97	187
11	98	663
11	99	1418
12	0	2790
12	1	184
12	2	3337
12	3	1161
12	4	3344
12	5	1055
12	6	1663
12	7	3240
12	8	2280
12	9	3064
12	10	3511
12	11	2619
12	12	0
12	13	573
12	14	965
12	15	386
12	16	410
12	17	564
12	18	828
12	19	2446
12	20	2760
12	21	1367
12	22	1407
12	23	683
12	24	2274
12	25	2861
12	26	2172
12	27	3551
12	28	3142
12	29	2606
12	30	431
12	31	2981
12	32	805
12	33	1952
12	34	2213
12	35	540
12	36	1972
12	37	2466
12	38	3490
12	39	3357
12	40	544
12	41	349
12	42	1119
12	43	989
12	44	478
12	45	2331
12	46	2186
12	47	422
12	48	2721
12	49	844
12	50	882
12	51	1406
12	52	3531
12	53	1468
12	54	1023
12	55	2793
12	56	1804
12	57	1627
12	58	3090
12	59	1436
12	60	2159
12	61	3042
12	62	265
12	63	602
12	64	2229
12	65	1602
12	66	3553
12	67	3003
12	68	2861
12	69	3597
12	70	2432
12	71	1974
12	72	3543
12	73	1529
12	74	2608
12	75	3229
12	76	607
12	77	170
12	78	2385
12	79	2451
12	80	2465
12	81	529
12	82	955
12	83	1639
12	84	3503
12	85	2719
12	86	1294
12	87	1416
12	88	1090
12	89	2694
12	90	3510
12	91	767
12	92	3554
12	93	1900
12	94	2877
12	95	705
12	96	3372
12	97	2805
12	98	3258
12	99	2819
13	0	2301
13	1	412
13	2	2841
13	3	605
13	4	3024
13	5	554
13	6	1203
13	7	2714
13	8	1805
13	9	2638
13	10	3021
13	11	2109
13	12	573
13	13	0
13	14	585
13	15	444
13	16	917
13	17	816
13	18	1250
13	19	2070
13	20	2304
13	21	1283
13	22	1330
13	23	835
13	24	1804
13	25	2552
13	26	1658
13	27	3032
13	28	2617
13	29	2251
13	30	769
13	31	2452
13	32	401
13	33	1475
13	34	1663
13	35	990
13	36	1638
13	37	2074
13	38	3106
13	39	2987
13	40	1074
13	41	232
13	42	691
13	43	1493
13	44	914
13	45	1864
13	46	1964
13	47	663
13	48	2326
13	49	581
13	50	955
13	51	1009
13	52	3118
13	53	1129
13	54	921
13	55	2510
13	56	1295
13	57	1187
13	58	2552
13	59	901
13	60	1617
13	61	2732
13	62	662
13	63	121
13	64	1943
13	65	1030
13	66	3217
13	67	2593
13	68	2524
13	69	3211
13	70	1916
13	71	1612
13	72	3091
13	73	983
13	74	2264
13	75	2692
13	76	652
13	77	670
13	78	2120
13	79	2083
13	80	2234
13	81	318
13	82	389
13	83	1186
13	84	3043
13	85	2319
13	86	733
13	87	1285
13	88	585
13	89	2220
13	90	2987
13	91	1208
13	92	3066
13	93	1370
13	94	2383
13	95	1100
13	96	2839
13	97	2291
13	98	2729
13	99	2524
14	0	2490
14	1	882
14	2	2996
14	3	481
14	4	3411
14	5	258
14	6	1516
14	7	2802
14	8	2044
14	9	2918
14	10	3184
14	11	2259
14	12	965
14	13	585
14	14	0
14	15	1006
14	16	1372
14	17	1373
14	18	1764
14	19	2429
14	20	2550
14	21	1847
14	22	1894
14	23	1412
14	24	2051
14	25	2960
14	26	1828
14	27	3130
14	28	2714
14	29	2625
14	30	875
14	31	2541
14	32	186
14	33	1734
14	34	1722
14	35	1483
14	36	2058
14	37	2415
14	38	3427
14	39	3325
14	40	1509
14	41	669
14	42	1122
14	43	1954
14	44	1412
14	45	2113
14	46	2451
14	47	752
14	48	2653
14	49	1135
14	50	711
14	51	1422
14	52	3402
14	53	1581
14	54	1492
14	55	2940
14	56	1509
14	57	1529
14	58	2611
14	59	1109
14	60	1711
14	61	3135
14	62	880
14	63	469
14	64	2388
14	65	991
14	66	3587
14	67	2895
14	68	2908
14	69	3526
14	70	2064
14	71	2010
14	72	3319
14	73	1139
14	74	2649
14	75	2748
14	76	1235
14	77	1118
14	78	2576
14	79	2450
14	80	2708
14	81	436
14	82	471
14	83	1509
14	84	3260
14	85	2642
14	86	878
14	87	1836
14	88	937
14	89	2440
14	90	3077
14	91	1711
14	92	3234
14	93	1525
14	94	2558
14	95	1624
14	96	2905
14	97	2426
14	98	2809
14	99	2945
15	0	2439
15	1	236
15	2	2987
15	3	1029
15	4	2959
15	5	998
15	6	1308
15	7	2911
15	8	1925
15	9	2689
15	10	3158
15	11	2282
15	12	386
15	13	444
15	14	1006
15	15	0
15	16	544
15	17	372
15	18	815
15	19	2064
15	20	2394
15	21	1009
15	22	1052
15	23	411
15	24	1917
15	25	2476
15	26	1841
15	27	3216
15	28	2812
15	29	2221
15	30	789
15	31	2656
15	32	821
15	33	1602
15	34	1918
15	35	576
15	36	1587
15	37	2086
15	38	3107
15	39	2973
15	40	706
15	41	362
15	42	768
15	43	1085
15	44	500
15	45	1972
15	46	1806
15	47	740
15	48	2341
15	49	464
15	50	1167
15	51	1036
15	52	3152
15	53	1085
15	54	652
15	55	2409
15	56	1475
15	57	1265
15	58	2773
15	59	1138
15	60	1854
15	61	2656
15	62	627
15	63	543
15	64	1844
15	65	1381
15	66	3168
15	67	2624
15	68	2476
15	69	3214
15	70	2099
15	71	1591
15	72	3173
15	73	1241
15	74	2223
15	75	2911
15	76	260
15	77	357
15	78	2001
15	79	2068
15	80	2085
15	81	621
15	82	808
15	83	1283
15	84	3137
15	85	2340
15	86	1040
15	87	1047
15	88	785
15	89	2336
15	90	3177
15	91	780
15	92	3198
15	93	1585
15	94	2528
15	95	663
15	96	3048
15	97	2469
15	98	2932
15	99	2434
16	0	2949
16	1	511
16	2	3497
16	3	1521
16	4	3335
16	5	1442
16	6	1824
16	7	3439
16	8	2434
16	9	3153
16	10	3662
16	11	2806
16	12	410
16	13	917
16	14	1372
16	15	544
16	16	0
16	17	401
16	18	434
16	19	2504
16	20	2884
16	21	1268
16	22	1300
16	23	554
16	24	2423
16	25	2853
16	26	2371
16	27	3738
16	28	3339
16	29	2641
16	30	744
16	31	3187
16	32	1206
16	33	2118
16	34	2461
16	35	160
16	36	2012
16	37	2537
16	38	3532
16	39	3390
16	40	162
16	41	725
16	42	1296
16	43	584
16	44	144
16	45	2475
16	46	2131
16	47	784
16	48	2789
16	49	961
16	50	1238
16	51	1532
16	52	3600
16	53	1544
16	54	990
16	55	2766
16	56	2008
16	57	1773
16	58	3308
16	59	1682
16	60	2394
16	61	3030
16	62	604
16	63	976
16	64	2221
16	65	1916
16	66	3554
16	67	3077
16	68	2875
16	69	3641
16	70	2628
16	71	2036
16	72	3651
16	73	1785
16	74	2634
16	75	3445
16	76	605
16	77	256
16	78	2354
16	79	2502
16	80	2407
16	81	936
16	82	1305
16	83	1797
16	84	3620
16	85	2791
16	86	1582
16	87	1345
16	88	1329
16	89	2838
16	90	3701
16	91	366
16	92	3700
16	93	2124
16	94	3040
16	95	341
16	96	3579
16	97	2993
16	98	3461
16	99	2800
17	0	2589
17	1	523
17	2	3135
17	3	1390
17	4	2934
17	5	1369
17	6	1479
17	7	3098
17	8	2076
17	9	2766
17	10	3295
17	11	2462
17	12	564
17	13	816
17	14	1373
17	15	372
17	16	401
17	17	0
17	18	475
17	19	2112
17	20	2510
17	21	871
17	22	905
17	23	153
17	24	2063
17	25	2452
17	26	2039
17	27	3389
17	28	2999
17	29	2244
17	30	991
17	31	2852
17	32	1190
17	33	1770
17	34	2165
17	35	323
17	36	1618
17	37	2148
17	38	3135
17	39	2992
17	40	524
17	41	712
17	42	980
17	43	789
17	44	272
17	45	2113
17	46	1731
17	47	985
17	48	2398
17	49	630
17	50	1441
17	51	1175
17	52	3208
17	53	1164
17	54	592
17	55	2365
17	56	1686
17	57	1420
17	58	2980
17	59	1402
17	60	2089
17	61	2629
17	62	827
17	63	914
17	64	1820
17	65	1700
17	66	3153
17	67	2687
17	68	2475
17	69	3244
17	70	2292
17	71	1647
17	72	3268
17	73	1512
17	74	2236
17	75	3115
17	76	253
17	77	419
17	78	1953
17	79	2108
17	80	2008
17	81	970
17	82	1169
17	83	1450
17	84	3241
17	85	2400
17	86	1348
17	87	945
17	88	1060
17	89	2472
17	90	3356
17	91	459
17	92	3332
17	93	1815
17	94	2682
17	95	325
17	96	3243
17	97	2649
17	98	3123
17	99	2399
18	0	3008
18	1	882
18	2	3548
18	3	1843
18	4	3209
18	5	1799
18	6	1921
18	7	3535
18	8	2500
18	9	3133
18	10	3700
18	11	2899
18	12	828
18	13	1250
18	14	1764
18	15	815
18	16	434
18	17	475
18	18	0
18	19	2466
18	20	2907
18	21	1133
18	22	1152
18	23	564
18	24	2484
18	25	2736
18	26	2487
18	27	3816
18	28	3435
18	29	2575
18	30	1176
18	31	3294
18	32	1589
18	33	2207
18	34	2630
18	35	288
18	36	1974
18	37	2512
18	38	3457
18	39	3307
18	40	389
18	41	1098
18	42	1445
18	43	344
18	44	354
18	45	2531
18	46	1986
18	47	1218
18	48	2754
18	49	1096
18	50	1672
18	51	1611
18	52	3552
18	53	1570
18	54	968
18	55	2631
18	56	2142
18	57	1857
18	58	3426
18	59	1874
18	60	2551
18	61	2905
18	62	1038
18	63	1332
18	64	2122
18	65	2173
18	66	3434
18	67	3043
18	68	2781
18	69	3566
18	70	2735
18	71	2020
18	72	3643
18	73	1984
18	74	2559
18	75	3559
18	76	724
18	77	660
18	78	2227
18	79	2457
18	80	2249
18	81	1335
18	82	1622
18	83	1891
18	84	3623
18	85	2760
18	86	1822
18	87	1233
18	88	1535
18	89	2883
18	90	3786
18	91	74
18	92	3734
18	93	2277
18	94	3102
18	95	152
18	96	3682
18	97	3083
18	98	3561
18	99	2673
19	0	783
19	1	2274
19	2	1203
19	3	1991
19	4	986
19	5	2196
19	6	914
19	7	1355
19	8	596
19	9	669
19	10	1312
19	11	884
19	12	2446
19	13	2070
19	14	2429
19	15	2064
19	16	2504
19	17	2112
19	18	2466
19	19	0
19	20	558
19	21	1354
19	22	1348
19	23	1965
19	24	568
19	25	576
19	26	882
19	27	1532
19	28	1272
19	29	205
19	30	2801
19	31	1217
19	32	2319
19	33	755
19	34	1215
19	35	2431
19	36	495
19	37	85
19	38	1044
19	39	918
19	40	2636
19	41	2246
19	42	1379
19	43	2808
19	44	2384
19	45	536
19	46	712
19	47	2714
19	48	288
19	49	1602
19	50	3015
19	51	1062
19	52	1096
19	53	979
19	54	1522
19	55	625
19	56	995
19	57	902
19	58	1372
19	59	1339
19	60	1123
19	61	732
19	62	2658
19	63	2160
19	64	454
19	65	1652
19	66	1158
19	67	577
19	68	488
19	69	1151
19	70	890
19	71	473
19	72	1184
19	73	1347
19	74	246
19	75	1457
19	76	1905
19	77	2407
19	78	534
19	79	42
19	80	696
19	81	2383
19	82	1960
19	83	920
19	84	1173
19	85	294
19	86	1571
19	87	1244
19	88	1514
19	89	635
19	90	1527
19	91	2494
19	92	1333
19	93	1074
19	94	867
19	95	2363
19	96	1509
19	97	985
19	98	1394
19	99	599
20	0	258
20	1	2578
20	2	661
20	3	2076
20	4	1131
20	5	2298
20	6	1104
20	7	801
20	8	507
20	9	389
20	10	796
20	11	468
20	12	2760
20	13	2304
20	14	2550
20	15	2394
20	16	2884
20	17	2510
20	18	2907
20	19	558
20	20	0
20	21	1839
20	22	1841
20	23	2372
20	24	503
20	25	926
20	26	746
20	27	979
20	28	723
20	29	631
20	30	3067
20	31	694
20	32	2475
20	33	831
20	34	1001
20	35	2832
20	36	967
20	37	477
20	38	939
20	39	889
20	40	3028
20	41	2509
20	42	1643
20	43	3250
20	44	2777
20	45	442
20	46	1269
20	47	2966
20	48	398
20	49	1934
20	50	3202
20	51	1359
20	52	862
20	53	1345
20	54	1940
20	55	1041
20	56	1042
20	57	1133
20	58	843
20	59	1448
20	60	944
20	61	1004
20	62	2941
20	63	2373
20	64	1011
20	65	1635
20	66	1211
20	67	424
20	68	777
20	69	1020
20	70	589
20	71	898
20	72	787
20	73	1411
20	74	689
20	75	913
20	76	2279
20	77	2750
20	78	1081
20	79	592
20	80	1231
20	81	2596
20	82	2105
20	83	1124
20	84	743
20	85	372
20	86	1674
20	87	1726
20	88	1719
20	89	153
20	90	971
20	91	2925
20	92	828
20	93	1038
20	94	323
20	95	2789
20	96	953
20	97	486
20	98	841
20	99	991
21	0	1980
21	1	1244
21	2	2497
21	3	1622
21	4	2084
21	5	1721
21	6	1053
21	7	2544
21	8	1507
21	9	2023
21	10	2633
21	11	1927
21	12	1367
21	13	1283
21	14	1847
21	15	1009
21	16	1268
21	17	871
21	18	1133
21	19	1354
21	20	1839
21	21	0
21	22	47
21	23	719
21	24	1485
21	25	1607
21	26	1587
21	27	2794
21	28	2447
21	29	1448
21	30	1791
21	31	2329
21	32	1671
21	33	1281
21	34	1827
21	35	1157
21	36	875
21	37	1408
21	38	2325
21	39	2174
21	40	1369
21	41	1335
21	42	857
21	43	1468
21	44	1129
21	45	1519
21	46	866
21	47	1749
21	48	1639
21	49	712
21	50	2167
21	51	776
21	52	2426
21	53	629
21	54	366
21	55	1508
21	56	1318
21	57	972
21	58	2476
21	59	1250
21	60	1728
21	61	1779
21	62	1626
21	63	1404
21	64	990
21	65	1668
21	66	2307
21	67	1926
21	68	1648
21	69	2434
21	70	1798
21	71	942
21	72	2538
21	73	1352
21	74	1429
21	75	2598
21	76	761
21	77	1261
21	78	1099
21	79	1340
21	80	1140
21	81	1570
21	82	1450
21	83	1023
21	84	2524
21	85	1647
21	86	1346
21	87	113
21	88	1060
21	89	1842
21	90	2773
21	91	1170
21	92	2662
21	93	1476
21	94	2076
21	95	1050
21	96	2698
21	97	2100
21	98	2576
21	99	1547
22	0	1988
22	1	1287
22	2	2500
22	3	1667
22	4	2060
22	5	1767
22	6	1081
22	7	2554
22	8	1520
22	9	2017
22	10	2634
22	11	1940
22	12	1407
22	13	1330
22	14	1894
22	15	1052
22	16	1300
22	17	905
22	18	1152
22	19	1348
22	20	1841
22	21	47
22	22	0
22	23	754
22	24	1497
22	25	1585
22	26	1607
22	27	2800
22	28	2458
22	29	1436
22	30	1833
22	31	2342
22	32	1718
22	33	1301
22	34	1854
22	35	1186
22	36	875
22	37	1405
22	38	2309
22	39	2157
22	40	1397
22	41	1380
22	42	900
22	43	1484
22	44	1160
22	45	1530
22	46	840
22	47	1792
22	48	1632
22	49	759
22	50	2212
22	51	809
22	52	2414
22	53	656
22	54	412
22	55	1484
22	56	1346
22	57	999
22	58	2490
22	59	1288
22	60	1754
22	61	1755
22	62	1668
22	63	1451
22	64	973
22	65	1707
22	66	2284
22	67	1918
22	68	1630
22	69	2418
22	70	1815
22	71	946
22	72	2532
22	73	1389
22	74	1415
22	75	2610
22	76	802
22	77	1300
22	78	1076
22	79	1333
22	80	1111
22	81	1616
22	82	1497
22	83	1051
22	84	2520
22	85	1641
22	86	1388
22	87	128
22	88	1104
22	89	1849
22	90	2780
22	91	1191
22	92	2662
22	93	1504
22	94	2084
22	95	1074
22	96	2709
22	97	2111
22	98	2587
22	99	1524
23	0	2459
23	1	608
23	2	3003
23	3	1375
23	4	2781
23	5	1380
23	6	1360
23	7	2977
23	8	1948
23	9	2622
23	10	3161
23	11	2341
23	12	683
23	13	835
23	14	1412
23	15	411
23	16	554
23	17	153
23	18	564
23	19	1965
23	20	2372
23	21	719
23	22	754
23	23	0
23	24	1934
23	25	2299
23	26	1925
23	27	3263
23	28	2877
23	29	2094
23	30	1115
23	31	2734
23	32	1226
23	33	1648
23	34	2067
23	35	466
23	36	1471
23	37	2002
23	38	2985
23	39	2841
23	40	673
23	41	772
23	42	884
23	43	898
23	44	423
23	45	1982
23	46	1578
23	47	1096
23	48	2252
23	49	537
23	50	1546
23	51	1051
23	52	3060
23	53	1027
23	54	443
23	55	2212
23	56	1578
23	57	1298
23	58	2865
23	59	1319
23	60	1988
23	61	2476
23	62	949
23	63	944
23	64	1667
23	65	1643
23	66	3000
23	67	2540
23	68	2323
23	69	3094
23	70	2175
23	71	1502
23	72	3126
23	73	1430
23	74	2085
23	75	2999
23	76	192
23	77	554
23	78	1800
23	79	1961
23	80	1855
23	81	1032
23	82	1158
23	83	1331
23	84	3100
23	85	2254
23	86	1287
23	87	792
23	88	989
23	89	2340
23	90	3231
23	91	565
23	92	3196
23	93	1713
23	94	2553
23	95	426
23	96	3123
23	97	2526
23	98	3003
23	99	2246
24	0	527
24	1	2091
24	2	1074
24	3	1581
24	4	1479
24	5	1801
24	6	611
24	7	1062
24	8	30
24	9	868
24	10	1241
24	11	444
24	12	2274
24	13	1804
24	14	2051
24	15	1917
24	16	2423
24	17	2063
24	18	2484
24	19	568
24	20	503
24	21	1485
24	22	1497
24	23	1934
24	24	0
24	25	1131
24	26	319
24	27	1332
24	28	964
24	29	758
24	30	2569
24	31	845
24	32	1973
24	33	328
24	34	648
24	35	2384
24	36	688
24	37	502
24	38	1394
24	39	1312
24	40	2572
24	41	2012
24	42	1155
24	43	2826
24	44	2324
24	45	62
24	46	1144
24	47	2467
24	48	663
24	49	1463
24	50	2699
24	51	891
24	52	1352
24	53	916
24	54	1518
24	55	1192
24	56	542
24	57	652
24	58	994
24	59	946
24	60	558
24	61	1268
24	62	2446
24	63	1870
24	64	897
24	65	1165
24	66	1609
24	67	857
24	68	1017
24	69	1487
24	70	359
24	71	586
24	72	1288
24	73	915
24	74	808
24	75	1113
24	76	1823
24	77	2274
24	78	1044
24	79	608
24	80	1219
24	81	2094
24	82	1603
24	83	635
24	84	1239
24	85	644
24	86	1174
24	87	1373
24	88	1219
24	89	421
24	90	1303
24	91	2495
24	92	1282
24	93	562
24	94	620
24	95	2358
24	96	1215
24	97	615
24	98	1093
24	99	1163
25	0	1184
25	1	2701
25	2	1417
25	3	2538
25	4	484
25	5	2736
25	6	1461
25	7	1679
25	8	1157
25	9	753
25	10	1454
25	11	1364
25	12	2861
25	13	2552
25	14	2960
25	15	2476
25	16	2853
25	17	2452
25	18	2736
25	19	576
25	20	926
25	21	1607
25	22	1585
25	23	2299
25	24	1131
25	25	0
25	26	1449
25	27	1760
25	28	1618
25	29	375
25	30	3246
25	31	1616
25	32	2836
25	33	1329
25	34	1776
25	35	2755
25	36	914
25	37	630
25	38	766
25	39	606
25	40	2967
25	41	2706
25	42	1867
25	43	3065
25	44	2720
25	45	1090
25	46	756
25	47	3171
25	48	532
25	49	2032
25	50	3506
25	51	1550
25	52	934
25	53	1424
25	54	1867
25	55	152
25	56	1568
25	57	1435
25	58	1760
25	59	1893
25	60	1689
25	61	181
25	62	3094
25	63	2651
25	64	635
25	65	2224
25	66	702
25	67	625
25	68	155
25	69	868
25	70	1418
25	71	950
25	72	1179
25	73	1910
25	74	331
25	75	1811
25	76	2280
25	77	2797
25	78	509
25	79	543
25	80	531
25	81	2869
25	82	2488
25	83	1461
25	84	1211
25	85	558
25	86	2120
25	87	1515
25	88	2028
25	89	1061
25	90	1775
25	91	2776
25	92	1454
25	93	1650
25	94	1241
25	95	2657
25	96	1818
25	97	1412
25	98	1720
25	99	88
26	0	662
26	1	1988
26	2	1186
26	3	1349
26	4	1791
26	5	1572
26	6	568
26	7	1070
26	8	294
26	9	1133
26	10	1370
26	11	451
26	12	2172
26	13	1658
26	14	1828
26	15	1841
26	16	2371
26	17	2039
26	18	2487
26	19	882
26	20	746
26	21	1587
26	22	1607
26	23	1925
26	24	319
26	25	1449
26	26	0
26	27	1380
26	28	972
26	29	1075
26	30	2426
26	31	816
26	32	1772
26	33	306
26	34	337
26	35	2352
26	36	903
26	37	819
26	38	1676
26	39	1607
26	40	2527
26	41	1880
26	42	1075
26	43	2822
26	44	2287
26	45	365
26	46	1398
26	47	2316
26	48	975
26	49	1414
26	50	2504
26	51	881
26	52	1608
26	53	968
26	54	1545
26	55	1507
26	56	368
26	57	638
26	58	940
26	59	760
26	60	241
26	61	1586
26	62	2317
26	63	1708
26	64	1168
26	65	889
26	66	1913
26	67	1144
26	68	1335
26	69	1763
26	70	260
26	71	795
26	72	1493
26	73	698
26	74	1125
26	75	1076
26	76	1789
26	77	2195
26	78	1331
26	79	921
26	80	1507
26	81	1926
26	82	1405
26	83	598
26	84	1432
26	85	954
26	86	967
26	87	1480
26	88	1084
26	89	619
26	90	1338
26	91	2489
26	92	1417
26	93	304
26	94	734
26	95	2351
26	96	1208
26	97	634
26	98	1091
26	99	1480
27	0	814
27	1	3367
27	2	344
27	3	2652
27	4	1733
27	5	2873
27	6	1914
27	7	328
27	8	1316
27	9	1007
27	10	356
27	11	934
27	12	3551
27	13	3032
27	14	3130
27	15	3216
27	16	3738
27	17	3389
27	18	3816
27	19	1532
27	20	979
27	21	2794
27	22	2800
27	23	3263
27	24	1332
27	25	1760
27	26	1380
27	27	0
27	28	417
27	29	1566
27	30	3797
27	31	589
27	32	3104
27	33	1621
27	34	1408
27	35	3708
27	36	1935
27	37	1454
27	38	1314
27	39	1390
27	40	3891
27	41	3257
27	42	2447
27	43	4157
27	44	3646
27	45	1288
27	46	2242
27	47	3683
27	48	1314
27	49	2777
27	50	3831
27	51	2214
27	52	1087
27	53	2247
27	54	2850
27	55	1903
27	56	1747
27	57	1969
27	58	535
27	59	2131
27	60	1428
27	61	1761
27	62	3693
27	63	3074
27	64	1987
27	65	2139
27	66	1680
27	67	1135
27	68	1607
27	69	1315
27	70	1120
27	71	1855
27	72	744
27	73	2054
27	74	1619
27	75	418
27	76	3145
27	77	3571
27	78	2038
27	79	1564
27	80	2171
27	81	3286
27	82	2750
27	83	1942
27	84	663
27	85	1293
27	86	2318
27	87	2680
27	88	2463
27	89	952
27	90	64
27	91	3826
27	92	389
27	93	1662
27	94	718
27	95	3688
27	96	264
27	97	747
27	98	326
27	99	1842
28	0	492
28	1	2958
28	2	385
28	3	2235
28	4	1706
28	5	2457
28	6	1520
28	7	100
28	8	944
28	9	907
28	10	554
28	11	537
28	12	3142
28	13	2617
28	14	2714
28	15	2812
28	16	3339
28	17	2999
28	18	3435
28	19	1272
28	20	723
28	21	2447
28	22	2458
28	23	2877
28	24	964
28	25	1618
28	26	972
28	27	417
28	28	0
28	29	1353
28	30	3381
28	31	173
28	32	2687
28	33	1229
28	34	992
28	35	3315
28	36	1613
28	37	1188
28	38	1359
28	39	1389
28	40	3494
28	41	2843
28	42	2045
28	43	3774
28	44	3252
28	45	928
28	46	1979
28	47	3267
28	48	1111
28	49	2380
28	50	3414
28	51	1826
28	52	1169
28	53	1875
28	54	2475
28	55	1746
28	56	1339
28	57	1580
28	58	187
28	59	1716
28	60	1011
28	61	1661
28	62	3279
28	63	2658
28	64	1719
28	65	1724
28	66	1709
28	67	1018
28	68	1463
28	69	1393
28	70	712
28	71	1523
28	72	877
28	73	1638
28	74	1410
28	75	193
28	76	2752
28	77	3166
28	78	1802
28	79	1309
28	80	1954
28	81	2869
28	82	2332
28	83	1549
28	84	790
28	85	1086
28	86	1901
28	87	2334
28	88	2052
28	89	642
28	90	369
28	91	3442
28	92	608
28	93	1247
28	94	405
28	95	3304
28	96	251
28	97	352
28	98	129
28	99	1691
29	0	881
29	1	2437
29	2	1225
29	3	2191
29	4	786
29	5	2394
29	6	1113
29	7	1426
29	8	784
29	9	615
29	10	1307
29	11	1025
29	12	2606
29	13	2251
29	14	2625
29	15	2221
29	16	2641
29	17	2244
29	18	2575
29	19	205
29	20	631
29	21	1448
29	22	1436
29	23	2094
29	24	758
29	25	375
29	26	1075
29	27	1566
29	28	1353
29	29	0
29	30	2971
29	31	1321
29	32	2511
29	33	959
29	34	1405
29	35	2559
29	36	635
29	37	256
29	38	892
29	39	752
29	40	2767
29	41	2420
29	42	1560
29	43	2914
29	44	2516
29	45	719
29	46	702
29	47	2888
29	48	252
29	49	1764
29	50	3200
29	51	1241
29	52	978
29	53	1141
29	54	1652
29	55	442
29	56	1200
29	57	1096
29	58	1473
29	59	1541
29	60	1315
29	61	527
29	62	2825
29	63	2344
29	64	475
29	65	1857
29	66	968
29	67	498
29	68	285
29	69	1000
29	70	1058
29	71	639
29	72	1121
29	73	1550
29	74	59
29	75	1543
29	76	2048
29	77	2557
29	78	475
29	79	176
29	80	607
29	81	2565
29	82	2155
29	83	1117
29	84	1125
29	85	273
29	86	1771
29	87	1343
29	88	1704
29	89	743
29	90	1568
29	91	2607
29	92	1321
29	93	1277
29	94	954
29	95	2480
29	96	1576
29	97	1100
29	98	1467
29	99	407
30	0	3070
30	1	554
30	2	3609
30	3	1231
30	4	3727
30	5	1059
30	6	1964
30	7	3476
30	8	2572
30	9	3393
30	10	3790
30	11	2876
30	12	431
30	13	769
30	14	875
30	15	789
30	16	744
30	17	991
30	18	1176
30	19	2801
30	20	3067
30	21	1791
30	22	1833
30	23	1115
30	24	2569
30	25	3246
30	26	2426
30	27	3797
30	28	3381
30	29	2971
30	30	0
30	31	3214
30	32	781
30	33	2242
30	34	2413
30	35	900
30	36	2342
30	37	2813
30	38	3844
30	39	3718
30	40	815
30	41	559
30	42	1433
30	43	1242
30	44	856
30	45	2629
30	46	2593
30	47	125
30	48	3067
30	49	1214
30	50	499
30	51	1742
30	52	3869
30	53	1831
30	54	1440
30	55	3187
30	56	2064
30	57	1941
30	58	3309
30	59	1667
30	60	2375
30	61	3427
30	62	166
30	63	724
30	64	2619
30	65	1734
30	66	3930
30	67	3342
30	68	3235
30	69	3950
30	70	2683
30	71	2333
30	72	3854
30	73	1743
30	74	2978
30	75	3449
30	76	1031
30	77	576
30	78	2782
30	79	2810
30	80	2872
30	81	527
30	82	1071
30	83	1945
30	84	3808
30	85	3063
30	86	1483
30	87	1834
30	88	1352
30	89	2987
30	90	3750
30	91	1106
30	92	3835
30	93	2135
30	94	3152
30	95	1080
30	96	3598
30	97	3058
30	98	3491
30	99	3209
31	0	440
31	1	2798
31	2	528
31	3	2063
31	4	1752
31	5	2284
31	6	1374
31	7	263
31	8	822
31	9	947
31	10	709
31	11	403
31	12	2981
31	13	2452
31	14	2541
31	15	2656
31	16	3187
31	17	2852
31	18	3294
31	19	1217
31	20	694
31	21	2329
31	22	2342
31	23	2734
31	24	845
31	25	1616
31	26	816
31	27	589
31	28	173
31	29	1321
31	30	3214
31	31	0
31	32	2516
31	33	1087
31	34	819
31	35	3167
31	36	1516
31	37	1132
31	38	1439
31	39	1451
31	40	3343
31	41	2679
31	42	1891
31	43	3632
31	44	3102
31	45	817
31	46	1912
31	47	3099
31	48	1092
31	49	2230
31	50	3242
31	51	1684
31	52	1266
31	53	1743
31	54	2339
31	55	1735
31	56	1181
31	57	1437
31	58	156
31	59	1552
31	60	841
31	61	1677
31	62	3114
31	63	2490
31	64	1652
31	65	1551
31	66	1777
31	67	1045
31	68	1463
31	69	1484
31	70	560
31	71	1421
31	72	1000
31	73	1471
31	74	1380
31	75	269
31	76	2604
31	77	3009
31	78	1751
31	79	1256
31	80	1910
31	81	2700
31	82	2162
31	83	1404
31	84	915
31	85	1066
31	86	1733
31	87	2217
31	88	1891
31	89	583
31	90	538
31	91	3299
31	92	763
31	93	1083
31	94	375
31	95	3161
31	96	392
31	97	238
31	98	277
31	99	1683
32	0	2433
32	1	707
32	2	2952
32	3	465
32	4	3295
32	5	278
32	6	1413
32	7	2778
32	8	1968
32	9	2834
32	10	3139
32	11	2213
32	12	805
32	13	401
32	14	186
32	15	821
32	16	1206
32	17	1190
32	18	1589
32	19	2319
32	20	2475
32	21	1671
32	22	1718
32	23	1226
32	24	1973
32	25	2836
32	26	1772
32	27	3104
32	28	2687
32	29	2511
32	30	781
32	31	2516
32	32	0
32	33	1650
32	34	1699
32	35	1311
32	36	1928
32	37	2311
32	38	3333
32	39	3225
32	40	1349
32	41	491
32	42	979
32	43	1790
32	44	1238
32	45	2035
32	46	2302
32	47	656
32	48	2554
32	49	961
32	50	732
32	51	1289
32	52	3319
32	53	1438
32	54	1314
32	55	2809
32	56	1435
32	57	1417
32	58	2596
32	59	1027
32	60	1677
32	61	3014
32	62	756
32	63	284
32	64	2252
32	65	983
32	66	3477
32	67	2805
32	68	2792
32	69	3433
32	70	2016
32	71	1886
32	72	3253
32	73	1074
32	74	2532
32	75	2734
32	76	1049
32	77	951
32	78	2436
32	79	2338
32	80	2563
32	81	283
32	82	370
32	83	1403
32	84	3197
32	85	2544
32	86	805
32	87	1665
32	88	809
32	89	2373
32	90	3054
32	91	1538
32	92	3187
32	93	1469
32	94	2505
32	95	1446
32	96	2889
32	97	2386
32	98	2788
32	99	2818
33	0	838
33	1	1769
33	2	1386
33	3	1272
33	4	1729
33	5	1488
33	6	294
33	7	1329
33	8	330
33	9	1185
33	10	1559
33	11	692
33	12	1952
33	13	1475
33	14	1734
33	15	1602
33	16	2118
33	17	1770
33	18	2207
33	19	755
33	20	831
33	21	1281
33	22	1301
33	23	1648
33	24	328
33	25	1329
33	26	306
33	27	1621
33	28	1229
33	29	959
33	30	2242
33	31	1087
33	32	1650
33	33	0
33	34	592
33	35	2088
33	36	635
33	37	716
33	38	1695
33	39	1601
33	40	2271
33	41	1685
33	42	835
33	43	2546
33	44	2025
33	45	389
33	46	1145
33	47	2138
33	48	932
33	49	1156
33	50	2373
33	51	597
33	52	1670
33	53	666
33	54	1253
33	55	1359
33	56	242
33	57	351
33	58	1222
33	59	626
33	60	487
33	61	1487
33	62	2120
33	63	1542
33	64	938
33	65	898
33	66	1881
33	67	1161
33	68	1240
33	69	1792
33	70	531
33	71	529
33	72	1616
33	73	608
33	74	998
33	75	1353
33	76	1525
33	77	1959
33	78	1117
33	79	787
33	80	1290
33	81	1766
33	82	1280
33	83	321
33	84	1568
33	85	918
33	86	857
33	87	1174
33	88	891
33	89	746
33	90	1586
33	91	2213
33	92	1601
33	93	332
33	94	926
33	95	2075
33	96	1475
33	97	879
33	98	1354
33	99	1343
34	0	844
34	1	2032
34	2	1292
34	3	1244
34	4	2096
34	5	1465
34	6	774
34	7	1081
34	8	621
34	9	1388
34	10	1481
34	11	584
34	12	2213
34	13	1663
34	14	1722
34	15	1918
34	16	2461
34	17	2165
34	18	2630
34	19	1215
34	20	1001
34	21	1827
34	22	1854
34	23	2067
34	24	648
34	25	1776
34	26	337
34	27	1408
34	28	992
34	29	1405
34	30	2413
34	31	819
34	32	1699
34	33	592
34	34	0
34	35	2464
34	36	1222
34	37	1149
34	38	1939
34	39	1887
34	40	2622
34	41	1893
34	42	1186
34	43	2954
34	44	2394
34	45	686
34	46	1725
34	47	2296
34	48	1284
34	49	1535
34	50	2423
34	51	1071
34	52	1841
34	53	1198
34	54	1730
34	55	1840
34	56	512
34	57	855
34	58	898
34	59	781
34	60	106
34	61	1907
34	62	2323
34	63	1689
34	64	1501
34	65	733
34	66	2202
34	67	1419
34	68	1656
34	69	2017
34	70	414
34	71	1114
34	72	1676
34	73	684
34	74	1456
34	75	1037
34	76	1912
34	77	2261
34	78	1667
34	79	1255
34	80	1842
34	81	1893
34	82	1351
34	83	805
34	84	1604
34	85	1262
34	86	931
34	87	1727
34	88	1134
34	89	854
34	90	1356
34	91	2623
34	92	1533
34	93	359
34	94	888
34	95	2486
34	96	1191
34	97	723
34	98	1090
34	99	1811
35	0	2910
35	1	604
35	2	3456
35	3	1592
35	4	3236
35	5	1532
35	6	1795
35	7	3415
35	8	2396
35	9	3087
35	10	3617
35	11	2780
35	12	540
35	13	990
35	14	1483
35	15	576
35	16	160
35	17	323
35	18	288
35	19	2431
35	20	2832
35	21	1157
35	22	1186
35	23	466
35	24	2384
35	25	2755
35	26	2352
35	27	3708
35	28	3315
35	29	2559
35	30	900
35	31	3167
35	32	1311
35	33	2088
35	34	2464
35	35	0
35	36	1936
35	37	2468
35	38	3449
35	39	3304
35	40	212
35	41	821
35	42	1284
35	43	509
35	44	77
35	45	2434
35	46	2023
35	47	934
35	48	2717
35	49	938
35	50	1391
35	51	1494
35	52	3526
35	53	1487
35	54	909
35	55	2663
35	56	1995
35	57	1739
35	58	3292
35	59	1691
35	60	2392
35	61	2930
35	62	756
35	63	1063
35	64	2127
35	65	1956
35	66	3457
35	67	3006
35	68	2784
35	69	3558
35	70	2607
35	71	1968
35	72	3590
35	73	1798
35	74	2549
35	75	3428
35	76	564
35	77	372
35	78	2252
35	79	2426
35	80	2296
35	81	1051
35	82	1372
35	83	1767
35	84	3563
35	85	2720
35	86	1612
35	87	1241
35	88	1342
35	89	2794
35	90	3674
35	91	228
35	92	3654
35	93	2119
35	94	3003
35	95	182
35	96	3558
35	97	2966
35	98	3439
35	99	2699
36	0	1129
36	1	1804
36	2	1628
36	3	1660
36	4	1388
36	5	1845
36	6	618
36	7	1706
36	8	716
36	9	1159
36	10	1760
36	11	1124
36	12	1972
36	13	1638
36	14	2058
36	15	1587
36	16	2012
36	17	1618
36	18	1974
36	19	495
36	20	967
36	21	875
36	22	875
36	23	1471
36	24	688
36	25	914
36	26	903
36	27	1935
36	28	1613
36	29	635
36	30	2342
36	31	1516
36	32	1928
36	33	635
36	34	1222
36	35	1936
36	36	0
36	37	539
36	38	1524
36	39	1387
36	40	2142
36	41	1796
36	42	954
36	43	2316
36	44	1890
36	45	703
36	46	512
36	47	2263
36	48	782
36	49	1131
36	50	2592
36	51	639
36	52	1590
36	53	513
36	54	1028
36	55	882
36	56	817
36	57	567
36	58	1669
36	59	1040
36	60	1116
36	61	1094
36	62	2194
36	63	1737
36	64	343
36	65	1427
36	66	1588
36	67	1071
36	68	893
36	69	1632
36	70	1041
36	71	108
36	72	1671
36	73	1085
36	74	637
36	75	1779
36	76	1416
36	77	1923
36	78	535
36	79	490
36	80	693
36	81	1955
36	82	1588
36	83	608
36	84	1653
36	85	786
36	86	1253
36	87	763
36	88	1122
36	89	985
36	90	1918
36	91	2000
36	92	1788
36	93	951
36	94	1224
36	95	1869
36	96	1863
36	97	1278
36	98	1741
36	99	890
37	0	699
37	1	2291
37	2	1128
37	3	1969
37	4	1013
37	5	2178
37	6	899
37	7	1271
37	8	529
37	9	621
37	10	1242
37	11	800
37	12	2466
37	13	2074
37	14	2415
37	15	2086
37	16	2537
37	17	2148
37	18	2512
37	19	85
37	20	477
37	21	1408
37	22	1405
37	23	2002
37	24	502
37	25	630
37	26	819
37	27	1454
37	28	1188
37	29	256
37	30	2813
37	31	1132
37	32	2311
37	33	716
37	34	1149
37	35	2468
37	36	539
37	37	0
37	38	1033
37	39	916
37	40	2672
37	41	2256
37	42	1384
37	43	2855
37	44	2419
37	45	465
37	46	794
37	47	2723
37	48	255
37	49	1623
37	50	3013
37	51	1071
37	52	1067
37	53	1002
37	54	1560
37	55	693
37	56	959
37	57	895
37	58	1287
37	59	1317
37	60	1060
37	61	776
37	62	2673
37	63	2160
37	64	535
37	65	1614
37	66	1173
37	67	540
37	68	526
37	69	1138
37	70	813
37	71	501
37	72	1132
37	73	1318
37	74	306
37	75	1373
37	76	1935
37	77	2432
37	78	619
37	79	126
37	80	781
37	81	2384
37	82	1949
37	83	908
37	84	1116
37	85	254
37	86	1550
37	87	1297
37	88	1510
37	89	550
37	90	1447
37	91	2537
37	92	1265
37	93	1027
37	94	783
37	95	2406
37	96	1426
37	97	900
37	98	1310
37	99	661
38	0	1124
38	1	3318
38	2	1021
38	3	2967
38	4	465
38	5	3183
38	6	1921
38	7	1376
38	8	1407
38	9	551
38	10	959
38	11	1382
38	12	3490
38	13	3106
38	14	3427
38	15	3107
38	16	3532
38	17	3135
38	18	3457
38	19	1044
38	20	939
38	21	2325
38	22	2309
38	23	2985
38	24	1394
38	25	766
38	26	1676
38	27	1314
38	28	1359
38	29	892
38	30	3844
38	31	1439
38	32	3333
38	33	1695
38	34	1939
38	35	3449
38	36	1524
38	37	1033
38	38	0
38	39	160
38	40	3658
38	41	3288
38	42	2417
38	43	3793
38	44	3407
38	45	1334
38	46	1507
38	47	3756
38	48	781
38	49	2646
38	50	4042
38	51	2103
38	52	239
38	53	2022
38	54	2543
38	55	907
38	56	1930
38	57	1924
38	58	1541
38	59	2320
38	60	1882
38	61	647
38	62	3702
38	63	3191
38	64	1336
38	65	2557
38	66	366
38	67	537
